139968712311  97510.4 6.7    1  975 9.5 7.4
139968801011  515 4.2 2.0    1  899 5.7 3.3
139968801021  113 0.9 0.9    1 134010.4 7.7
139968801031  744 8.5 3.7    1  516 5.2 5.4
139968801041  484 6.0 3.9    1  109 8.2 8.2
139968801051  665 4.7 3.1    1  755 3.9 3.4
139968801061  751 3.8 3.8    2  553 5.7 5.5
139968801072  629 4.0 4.1    1  664 1.2 1.2
139968801081  221 3.3 2.9    1  629 4.1 3.7
139968801091  859 5.0 4.0    1  885 1.2 1.9
139968801101  190 1.8        1  763 9.1 6.7
139968801111  56912.5 7.7    1  57814.2 7.4
139968801121  63310.6 7.5    3  86522.711.1
139968801131  315 3.5 2.5    1 1152 5.7 5.7
139968801141  135 1.3 1.3    1  605 9.0 9.3
139968801151  132 2.0 2.0    1  46912.0 7.6
139968801161  56615.8 8.6    1  667 2.1 3.5
139968801171  375 3.4 1.3    1  855 4.5 4.5
139968801181   76            1 111610.2 8.2
139968801192  510 8.2 4.7    2  409 2.0 2.4
139968801202 128412.4 7.9    3  501 9.1 7.9
139968801211  538 4.3 3.0    1  593 3.3 3.1
139968801221  157 4.2 2.2    1  581 9.1 7.4
139968801231  183 4.3 2.6    1  71910.5 5.9
139968801241  381 6.7 2.9    1 166812.1 7.3
139968801251 107413.7 8.8    1 1138 9.6 7.9
139968801261  684 5.0 3.8    2  934 6.2 2.0
139968801271  156 3.9 2.8    1 1549 9.2 3.0
139968801281   73 2.1 2.1    1  543 6.6 3.7
139968801291  24210.5 6.9    1  44511.010.2
139968801301  77017.1 8.9    1  82111.810.6
139968801312  307 5.6 3.0    3  81010.0 7.2
139968802012  901 5.6 6.3    3  79814.9 7.3
139968802021  628 6.1 6.5    1  787 2.1 3.4
139968802032  653 4.9 3.2    2  469 6.7 6.3
139968802041  240 1.8 1.5    1  422 6.1 5.5
139968802052  554 7.1 3.3    1  554 6.0 6.4
139968802061  175 4.3 3.1    1 138710.0 4.1
139968802071  50510.0 5.9    1  607 4.0 4.5
139968802081  463 6.7 3.5    1  970 8.0 6.6
139968802091  727 5.8 6.3    1  757 4.2 1.5
139968802102  571 5.3 5.7    3  69312.710.7
139968802111  478 8.0 5.5    1  630 3.8 4.2
139968802121  306 7.1 4.0    1  97711.3 2.8
139968802131  121 2.2 2.2    1  500 8.9 4.7
139968802141  244 5.3 3.7    3 108616.010.7
139968802151  678 8.2 6.3    1  998 8.2 3.2
139968802161  418 6.4 4.6    1  622 5.3 5.1
139968802171  340 5.3 1.6    1  766 1.7 0.8
139968802181  100            1  399 5.7 4.0
139968802191  304 3.9 2.0    1 146715.5 6.8
139968802201  364 7.1 3.2    1 1225 5.4 6.3
139968802212  447 4.7 3.3    1 254311.2 6.7
139968802221  36713.5 8.0    1   52 9.0 9.0
139968802231 1230 9.9 5.0    1 132010.7 7.7
139968802241 1158 8.1 3.6    1 189011.6 7.6
139968802251   62 0.7 0.7    1 1396 4.6 2.1
139968802261   24 2.8 2.8    1 2345 9.3 7.1
139968802271  204 4.2 2.3    1  862 2.8 4.4
139968802281   62 1.5 1.5    1  94310.2 8.1
139968802291  113 1.1 1.1    1 1273 2.4 2.4
139968803011   54 0.3 0.3    1 1246 9.9 8.1
139968803021  449 7.6 4.7    1  449 9.9 8.2
139968803032  77812.7 9.0    1  704 5.9 6.4
139968803041  608 5.1 2.9    1  993 3.0 4.2
139968803051  334 2.7 2.0    2  615 2.1 2.8
139968803061  185 1.8 0.3    1 1055 5.2 5.1
139968803071  248 6.6 4.0    1 118116.612.1
139968803082  689 7.3 4.2    1 1302 9.6 8.5
139968803091  173 6.0 4.7    1 1861 3.1 3.1
139968803101   33 2.5 2.5    1 109911.7 9.5
139968803111  166 5.5 3.0    1  78412.7 9.4
139968803121 130514.310.8    1 126411.8 9.7
139968803131  781 9.7 6.1    1 1240 9.2 8.3
139968803141  90210.8 5.3    1 1994 9.6 7.8
139968803151  284 4.6 3.5    1 1926 6.3 5.7
139968803161  182 2.1 1.3    2 1215 2.8 1.9
139968803172  964 2.2 2.3    2  293 4.9 4.4
139968803181  170 4.8 3.5    1 2018 9.5 5.7
139968803191  258 1.5 0.4    1 300013.3 7.2
139968803201   34 0.5 0.5    1 2338 6.9 5.9
139968803211   34 0.8 0.8    1 2390 8.6 6.2
139968803221   30 3.4 3.4    1  88816.712.7
139968803231  301 5.7 3.5    1 1028 6.0 5.0
139968803241 144216.6 7.8    1 147717.810.9
139968803251   82 2.7 2.7    1 430019.1 9.3
139968803261  30510.3 6.2    1 281912.5 9.7
139968803271   28 0.4 0.4    1 231019.011.7
139968803281 104018.7 7.9    2  758 6.9 6.6
139968803292 128214.2 9.0    1 1667 7.3 5.0
139968803301  140 3.2 3.2    1 1847 8.4 7.0
139968803311  177 4.4 3.3    1  833 8.0 6.4
139968804012  630 8.5 6.5    2  373 7.7 6.3
139968804022  864 9.2 4.7    3 1182 9.7 6.5
139968804031 1308 7.0 3.1    1 1992 7.2 4.6
139968804041  148 2.8 2.8    1  671 6.1 4.7
139968804051  270 5.6 3.4    2  36112.610.3
139968804061  317 9.4 5.6    1 240711.6 6.7
139968804071   57 0.3 0.3    1 1621 9.7 7.4
139968804081  175 6.6 4.1    1 121213.2 9.1
139968804091  457 7.1 3.4    3 153610.1 7.5
139968804101  653 7.2 3.4    1 186011.310.0
139968804111  135 3.7 3.7    1 2778 8.0 8.0
139968804121   95 1.8 1.8    1 1683 4.5 3.4
139968804131   72 0.3 0.3    1 1988 4.5 3.8
139968804142  868 7.1 3.9    1 1041 4.7 5.5
139968804151  192 2.3 0.7    1 1394 4.2 4.5
139968804161   54            1 1664 4.9 3.9
139968804172  281 5.4 2.5    2  440 2.5 3.0
139968804181 109010.9 7.2    1 1227 4.5 5.4
139968804191   77            1 1748 5.9 4.2
139968804201  233 6.2 3.3    1 2097 4.5 3.8
139968804211  433 9.4 6.2    1 1073 6.5 3.6
139968804221  403 5.6 4.7    1 107611.2 8.2
139968804231  77810.2 5.3    1 1153 6.0 4.9
139968804241   74            1 2294 6.0 6.1
139968804252  865 1.8 1.3    1 1525 4.3 4.1
139968804261  172 2.8 2.1    1  22310.110.6
139968804271  255 5.7 3.5    1 2512 7.8 7.9
139968804281   54            1 3409 5.7 2.8
139968804291  104 1.3 1.3    1 1051 4.4 5.0
139968804301  141 2.1 2.1    1 2334 5.4 4.1
139968805011   94 0.8 0.8    1 205610.9 8.0
139968805021  280 7.1 4.7    2 185814.5 9.9
139968805032 1302 6.7 4.0    1  93610.3 4.9
139968805041  866 7.5 5.5    1 2046 3.3 3.5
139968805051   92 0.8 0.8    1 2417 3.8 3.6
139968805061  100 1.9 1.9    1 185012.4 7.1
139968805071  55414.5 8.0    1 112314.6 9.9
139968805081  87213.9 6.6    2  87210.2 8.1
139968805091 112012.7 6.1    1 2090 9.0 8.6
139968805101   87 0.5 0.5    1 3687 6.2 5.1
139968805111   93 1.5 1.5    1 3184 6.6 5.7
139968805121   82 0.4 0.4    1 3527 4.9 2.9
139968805131  138 2.8 2.8    1  436 5.0 4.2
139968805141   76 2.0 2.0    1 217511.2 8.3
139968805151  493 8.6 2.8    1  745 3.4 4.2
139968805161   46            1 1817 4.7 3.6
139968805171  415 5.5 3.1    1 1348 5.7 5.4
139968805181  282 4.6 3.3    1 1783 5.9 5.1
139968805191  142 0.6 0.6    2 1984 6.5 4.5
139968805201  147 0.9 0.9    2 1775 7.7 3.8
139968805211  472 4.5 2.5    2  737 2.7 2.0
139968805222  505 3.6 2.5    2  805 6.1 4.1
139968805232 1050 8.2 4.9    2  84210.5 7.1
139968805241  332 6.2 3.0    1 2041 4.6 4.7
139968805251  583 8.3 4.6    1 1072 5.4 5.0
139968805261  154 4.0 1.9    1 1249 7.5 5.9
139968805271  47213.3 5.4    1 237910.8 8.4
139968805281  31911.0 4.3    1 1485 9.6 7.0
139968805291  291 7.4 4.7    1 159812.0 8.3
139968805301  444 8.8 4.1    1 150310.4 7.5
139968805311  218 5.1 2.7    1 195111.1 6.8
139968806012  222 4.8 2.4    2  246 5.2 5.3
139968806022  311 5.7 2.0    1 2223 5.1 3.2
139968806031   74            1 1612 7.5 5.8
139968806041  220 3.0 1.2    1 1466 4.1 2.2
139968806051   56            1 1809 4.6 3.9
139968806061   76 0.4 0.4    1 1650 6.2 4.8
139968806071  100 0.9 0.9    1 1612 9.1 7.4
139968806081  422 8.9 4.4    1  754 7.3 6.0
139968806091  482 6.1 2.9    1 1040 5.2 5.8
139968806101   45            1 1523 3.0 3.0
139968806111   31 0.7 0.7    1 1679 8.3 6.1
139968806121  224 6.6 4.3    1 1632 9.8 7.1
139968806131  271 6.3 3.1    1 1415 9.5 7.1
139968806141  136 2.5 2.5    2 2264 7.4 6.6
139968806151  204 2.7 0.9    1  599 3.6 5.1
139968806161   85            1 1711 2.7 3.9
139968806171   45            1 1829 5.9 4.8
139968806181  247 4.3 3.4    1 1923 7.2 7.1
139968806191  447 9.9 5.6    1 1667 9.8 7.9
139968806201  388 7.0 2.9    1 1261 7.9 4.9
139968806211  322 8.4 2.0    1 1438 9.1 7.1
139968806221  48311.4 4.3    1 1389 5.3 5.5
139968806231   54            1 2443 4.3 4.0
139968806241   39 0.4 0.4    1 2498 6.2 5.6
139968806251   66 1.5 1.5    1 2440 2.7 2.8
139968806261  229 2.5 1.9    1 1231 5.8 5.7
139968806271  553 6.4 2.8    1 1440 3.5 4.2
139968806281   48            1 2202 4.5 4.3
139968806291  553 4.6 2.6    2 1584 5.2 4.1
139968806302  467 4.5 4.6    1  387 7.1 4.8
139968807012  774 6.9 4.8    3  553 3.3 4.1
139968807022  813 2.3 2.2    1  720 2.4 1.8
139968807031  580 1.6        1 1561 3.0 3.3
139968807041  162 2.5 0.7    1 1613 4.9 4.4
139968807051  281 3.3 1.8    1 1280 6.1 4.8
139968807061  216 3.8 1.8    1 1607 5.9 4.4
139968807071  425 6.1 3.2    1 1155 5.6 4.7
139968807081  113 1.8 1.8    1 1824 5.2 3.9
139968807091  318 5.0 2.4    2 1396 6.6 6.1
139968807101  565 4.1 0.8    1 1404 1.8 1.4
139968807111  140 0.4 0.4    1 2093 2.0 1.3
139968807121  242 0.8 0.6    1 1321 3.7 2.8
139968807131  254 4.6 2.7    1 1670 8.9 5.5
139968807141  327 8.7 4.5    1  755 6.8 4.6
139968807151  49111.4 5.9    2 150112.7 6.2
139968807162  448 5.7 2.7    1 1213 3.0 2.9
139968807171  313 4.9 1.2    2  264 3.7 2.8
139968807181  243 0.5        1 1610 4.7 3.2
139968807191  235 2.6 1.1    1 1343 4.7 3.9
139968807201 1140 8.9 4.9    1 2403 7.6 5.4
139968807211   99 1.4 1.4    1 2300 4.5 4.6
139968807221   45            1 2362 4.4 3.0
139968807231   82 2.4 2.4    1 1172 5.5 5.7
139968807241  125 1.6 1.6    1  998 1.8 2.4
139968807251  122 2.3 2.3    1 1236 5.4 4.1
139968807261   36 0.8 0.8    1 1470 2.2 1.8
139968807271   50            1 1590 5.3 4.0
139968807281  108 0.6 0.6    1 1228 5.5 4.7
139968807291  648 7.9 2.8    1  723 6.5 4.2
139968807301  234 3.4 2.0    1 2314 6.1 3.9
139968807311  115 1.5 1.5    1 1617 7.3 3.7
139968808011  254 6.4 3.1    1 1902 9.2 6.7
139968808021  358 9.4 4.1    1 1988 9.5 6.9
139968808031  359 7.6 3.0    1 2347 8.1 5.8
139968808041  993 8.8 3.4    1 1749 6.6 4.0
139968808052  681 3.2 2.5    1 1653 2.8 2.4
139968808061   64 0.4 0.4    1 1665 4.9 5.3
139968808071  314 5.8 2.8    1 2735 9.3 7.2
139968808081  808 5.3 2.7    1 2083 4.1 5.1
139968808091  479 2.3 2.3    2  658 4.1 3.5
139968808101  169 1.5 0.5    1 2279 3.4 3.6
139968808111  407 6.6 2.4    1 1821 6.5 4.7
139968808121  564 5.1 2.3    1 1419 5.8 3.9
139968808132  688 3.8 3.9    1 1978 8.6 4.8
139968808141  590 9.3 2.8    1 1128 6.2 4.3
139968808151  380 6.6 2.3    1 1353 6.8 5.4
139968808161  131 2.0 2.0    1 1770 6.5 5.4
139968808171   61 0.5 0.5    1 1848 4.7 4.2
139968808181  193 3.7 2.3    1 1135 3.5 2.9
139968808191  425 2.8 1.5    1  890 3.4 3.9
139968808201  373 2.9 1.8    1 1901 2.9 2.8
139968808211  280 3.8 2.8    1 2626 7.3 5.9
139968808221  53610.4 2.5    1 247210.9 6.3
139968808231  377 3.6 2.3    1 1927 5.4 4.4
139968808241   46 0.4 0.4    1 2251 4.8 3.8
139968808251   52 0.4 0.4    1 2710 7.5 4.7
139968808261   20 1.6 1.6    1 1550 6.2 4.1
139968808271  404 4.2 4.4    1  258 4.4 4.8
139968808281   34 0.9 0.9    1 2058 4.0 3.5
139968808291   34 0.4 0.4    1 2623 5.3 2.7
139968808303  173 7.5 2.0    1 1745 9.7 7.0
139968808311  313 8.1 3.7    1 1934 8.4 6.3
139968809011   41 1.8 1.8    1 1253 2.5 2.0
139968809021  105 1.4 1.4    1 1320 4.4 3.4
139968809031  239 4.2 2.8    1  86910.7 8.6
139968809041  275 5.1 4.2    1 2721 9.3 7.9
139968809051  163 3.3 1.5    1 1881 5.6 5.3
139968809061   84            1 1942 4.5 4.3
139968809071  402 8.8 4.0    1 149714.010.0
139968809081  66713.3 6.3    1 1078 4.1 5.5
139968809091  258 5.6 3.7    1 1807 5.5 5.9
139968809101  109 2.1 2.1    1 1752 7.2 5.9
139968809111  340 8.2 3.4    1 1387 6.1 5.7
139968809121  132 1.6 1.6    1 1994 6.3 3.6
139968809131  545 4.9 3.1    1 1091 2.1 2.0
139968809141  105 0.4 0.4    2 1634 6.6 5.5
139968809152  487 8.0 3.8    2  457 5.3 3.9
139968809162  312 3.4 0.8    1 1865 7.9 6.9
139968809171  237 4.2 1.4    1 283310.9 7.0
139968809182 101410.6 3.6    1  50211.2 6.8
139968809192  548 8.9 4.7    3  99317.410.2
139968809201   71            1 1484 5.8 4.7
139968809211   99 2.7 2.7    1 172112.2 7.4
139968809221  42111.5 5.3    1 1318 9.9 7.5
139968809231  510 9.7 3.6    1  669 6.1 5.0
139968809242  329 3.9 1.8    1 1368 1.4 3.1
139968809251   81 0.3 0.3    1 1199 4.5 4.3
139968809261   76 2.1 2.1    1  997 8.3 7.0
139968809271  249 4.3 2.7    1  623 7.2 4.9
139968809282  65612.2 4.8    2 146010.1 7.4
139968809291  574 4.8 3.8    1 1046 2.9 1.1
139968809301   87 0.4 0.4    1  830 3.7 4.2
139968810011  130 0.3 0.3    1 1561 5.1 2.8
139968810021  293 5.5 4.4    1 1683 5.8 5.5
139968810031   79            1 1628 2.5 2.8
139968810041  824 8.0 5.3    1  935 6.8 6.6
139968810051  853 2.1 1.2    1 1213 2.3 3.0
139968810061 1639 4.8 0.9    2  123 3.1 3.1
139968810071  100            1 1361 2.9 2.9
139968810081 1139 3.6        1 1294 3.0 1.9
139968810091  254 1.6 1.2    1 1402 3.1 2.8
139968810101   54 2.3 2.3    1 2174 9.1 7.8
139968810111  130 4.1 4.1    1 1452 5.0 5.8
139968810121   60            1 1522 5.8 4.2
139968810131  202 5.5 3.5    1 165512.0 8.2
139968810141  80014.5 6.9    1 107612.5 8.2
139968810151  52511.5 6.2    2 1049 4.4 6.6
139968810161   88 1.5 1.5    1 1586 5.8 3.2
139968810171  30611.1 6.7    1  381 9.1 8.2
139968810181  977 5.7 4.0    1 1065 3.0 2.6
139968810191   70 0.9 0.9    1  548 7.6 5.3
139968810202  430 6.5 3.0    1  727 6.6 4.1
139968810211  165 6.2 4.4    1 2102 9.1 7.2
139968810221   73 1.0 1.0    1 213914.9 7.3
139968810231  67710.0 5.6    1 171113.9 9.0
139968810241   50 2.2 2.2    1 1854 6.8 3.4
139968810251  331 4.7 2.4    1  470 6.1 6.0
139968810261   62 0.4 0.4    1 169212.2 6.6
139968810271  71214.1 7.9    1  71210.1 9.4
139968810281  432 4.3 2.6    1  931 2.5 2.9
139968810291  736 6.1 3.5    1  589 5.1 5.6
139968810301  407 4.7 3.8    1  886 4.1 5.4
139968810311   73 0.4 0.4    1 1446 6.4 5.4
139968811011   54 0.5 0.5    1 2014 6.9 4.2
139968811021  327 8.2 5.7    1  764 5.6 6.6
139968811031   50            1  305 2.8 2.5
139968811041  184 5.0 3.9    1  75411.4 9.0
139968811051 152313.0 8.5    1 130316.412.9
139968811061  63410.4 5.5    1 1296 7.0 6.1
139968811071   19 2.9 2.9    1  465 8.9 8.6
139968811081   45 1.5 1.5    1 159411.5 6.6
139968811091   29 5.1 5.1    2  53511.8 5.6
139968811101  258 6.5 4.7    1 1091 4.6 2.8
139968811111  227 4.3 3.3    1 115714.7 7.6
139968811122  533 6.3 3.1    1  61711.610.3
139968811133  82116.0 2.9    1 1295 6.2 7.2
139968811141   59 2.4 2.4    1 132611.6 6.6
139968811151  68517.5 9.5    2  66014.5 8.9
139968811161 114712.9 8.2    1 119210.7 8.9
139968811171  200 6.2 3.6    1 146213.5 7.1
139968811181  61111.5 6.2    1  947 8.3 8.1
139968811191  644 7.3 6.2    1   11 6.9 6.9
139968811202  49112.5 7.8    1  688 4.2 4.0
139968811211   67 0.7 0.7    1 1195 6.1 4.7
139968811221  134 2.9 2.9    1 140710.9 6.2
139968811231  230 8.4 5.6    1  477 9.0 6.5
139968811241  32412.5 5.4    1  47011.1 8.6
139968811251  534 6.4 3.5    2  568 5.3 4.7
139968811262  891 7.0 4.8    3  31110.8 3.9
139968811271  88310.7 4.8    1   54 8.9 8.9
139968811281  352 7.4 4.7    1 127911.5 7.1
139968811291  74310.0 3.8    1  86311.6 8.5
139968811301  233 5.2 4.0    1 133011.1 7.5
139968812011  136            1 1692 5.8 1.9
139968812021   41            1 1146 8.0 5.6
139968812031   27 2.3 2.3    1  334 7.6 6.0
139968812041  236 3.2 3.5    1  661 3.0 2.1
139968812051  143 1.4 1.4    1  843 5.9 5.4
139968812061   72 1.6 1.6    1  351 3.0 3.5
139968812071  399 8.1 3.5    1  522 9.8 8.5
139968812081  467 5.8 3.3    1  779 3.5 3.2
139968812091  114            1 144110.9 7.4
139968812101   69 0.5 0.5    1    7 6.7 6.7
139968812111  457 4.7 2.9    2  457 4.0 3.0
139968812121  648 3.3 1.3    1  87311.2 6.6
139968812131   86 2.8 2.8    1 105715.7 8.1
139968812141  361 6.7 3.2    1   13 7.7 7.7
139968812151  402 5.5 2.8    1   14 6.4 6.4
139968812161  176 3.7 2.1    1 195116.6 8.6
139968812171  221 3.4 2.3    1 1074 7.0 6.3
139968812181   36 2.9 2.9    1  714 6.8 3.1
139968812191  35910.7 6.5    2  47713.8 9.8
139968812201  63112.3 9.3    1  487 5.3 6.5
139968812211  216 0.9 0.6    1  75711.0 6.7
139968812221  224 9.9 6.7    1  67513.1 9.3
139968812231   65 2.7 2.7    1 125112.2 7.4
139968812241  53810.3 4.6    1  406 4.8 5.6
139968812251   71 1.3 1.3    1  95611.7 7.6
139968812261  51012.1 6.8    2 101918.7 6.7
139968812272  676 8.0 6.1    1  583 7.5 6.3
139968812281  510 7.7 3.6    1 1064     2.4
139968812291  201 4.1 2.3    1  954 9.3 9.3
139968812301  254 5.7 3.6    1  426 3.4 3.6
139968812311   77 0.4 0.4    1  240 2.0 1.5
139968812311   77 0.4 0.4    1  240 2.0 1.5
