RMDLIB for GENII V.2  BA Napier 10 April 2007
           9  0               maximum no. of explicit & implicit daughters   
AC223      1  0  0
                   AC223     1.53E-03 1
AC224      3  0  0
                   AC224     1.21E-01 1
                   RA224     3.66E+00 2 1 0.9000 0 0.0000
                   PB212     4.43E-01 3 2 1.0000 0 0.0000
AC225      1  0  0
                   AC225     1.00E+01 1
AC226      6  0  0
                   AC226     1.21E+00 1
                   RA226     5.84E+05 2 1 0.1700 0 0.0000
                   RN222     3.82E+00 3 2 1.0000 0 0.0000
                   PB210     8.15E+03 4 3 1.0000 0 0.0000
                   BI210     5.01E+00 5 4 1.0000 0 0.0000
                   PO210     1.38E+02 6 5 1.0000 0 0.0000
AC227      3  0  0
                   AC227     7.95E+03 1
                   TH227     1.87E+01 2 1 0.9900 0 0.0000
                   RA223     1.14E+01 3 1 0.0140 2 1.0000
AC228      4  0  0
                   AC228     2.55E-01 1
                   TH228     6.99E+02 2 1 1.0000 0 0.0000
                   RA224     3.66E+00 3 2 1.0000 0 0.0000
                   PB212     4.43E-01 4 3 1.0000 0 0.0000
AG102      1  0  0
                   AG102     8.96E-03 1
AG103      2  0  0
                   AG103     4.56E-02 1
                   PD103     1.70E+01 2 1 1.0000 0 0.0000
AG104      1  0  0
                   AG104     4.81E-02 1
AG104m     1  0  0
                   AG104m    2.33E-02 1
AG105      1  0  0
                   AG105     4.10E+01 1
AG106      1  0  0
                   AG106     1.66E-02 1
AG106m     1  0  0
                   AG106m    8.41E+00 1
AG108      1  0  0
                   AG108     1.65E-03 1
AG108m     1  0  0
                   AG108m    4.64E+04 1
AG109m     1  0  0
                   AG109m    4.58E-04 1
AG110      1  0  0
                   AG110     2.85E-04 1
AG110m     1  0  0
                   AG110m    2.50E+02 1
AG111      1  0  0
                   AG111     7.45E+00 1
AG112      1  0  0
                   AG112     1.30E-01 1
AG115      3  0  0
                   AG115     1.39E-02 1
                   CD115     2.23E+00 2 1 0.9300 0 0.0000
                   CD115m    4.46E+01 3 1 0.0660 0 0.0000
AL26       1  0  0
                   AL26      2.62E+08 1
AL28       1  0  0
                   AL28      1.56E-03 1
AM237      2  0  0
                   AM237     5.07E-02 1
                   PU237     4.53E+01 2 1 1.0000 0 0.0000
AM238      2  0  0
                   AM238     6.81E-02 1
                   PU238     3.20E+04 2 1 1.0000 0 0.0000
AM239      1  0  0
                   AM239     4.96E-01 1
AM240      2  0  0
                   AM240     2.12E+00 1
                   PU240     2.39E+06 2 1 1.0000 0 0.0000
AM241      1  0  0
                   AM241     1.58E+05 1
AM242      3  0  0
                   AM242     6.68E-01 1
                   CM242     1.63E+02 2 1 0.8300 0 0.0000
                   PU238     3.20E+04 3 2 1.0000 0 0.0000
AM242m     5  0  0
                   AM242m    5.55E+04 1
                   AM242     6.68E-01 2 1 1.0000 0 0.0000
                   CM242     1.63E+02 3 2 0.8300 0 0.0000
                   NP238     2.12E+00 4 1 0.0048 0 0.0000
                   PU238     3.20E+04 5 4 1.0000 3 1.0000
AM243      2  0  0
                   AM243     2.70E+06 1
                   NP239     2.36E+00 2 1 1.0000 0 0.0000
AM244      3  0  0
                   AM244     4.21E-01 1
                   CM244     6.61E+03 2 1 1.0000 0 0.0000
                   PU240     2.39E+06 3 2 1.0000 0 0.0000
AM244m     3  0  0
                   AM244m    1.81E-02 1
                   CM244     6.61E+03 2 1 1.0000 0 0.0000
                   PU240     2.39E+06 3 2 1.0000 0 0.0000
AM245      4  0  0
                   AM245     8.54E-02 1
                   CM245     3.10E+06 2 1 1.0000 0 0.0000
                   PU241     5.26E+03 3 2 1.0000 0 0.0000
                   AM241     1.58E+05 4 3 1.0000 0 0.0000
AM246      2  0  0
                   AM246     2.71E-02 1
                   CM246     1.73E+06 2 1 1.0000 0 0.0000
AM246m     2  0  0
                   AM246m    1.74E-02 1
                   CM246     1.73E+06 2 1 1.0000 0 0.0000
AR37       1  0  0
                   AR37      3.50E+01 1
AR39       1  0  0
                   AR39      9.83E+04 1
AR41       1  0  0
                   AR41      7.61E-02 1
AS69       2  0  0
                   AS69      1.06E-02 1
                   GE69      1.63E+00 2 1 1.0000 0 0.0000
AS70       1  0  0
                   AS70      3.65E-02 1
AS71       2  0  0
                   AS71      2.70E+00 1
                   GE71      1.18E+01 2 1 1.0000 0 0.0000
AS72       1  0  0
                   AS72      1.08E+00 1
AS73       1  0  0
                   AS73      8.03E+01 1
AS74       1  0  0
                   AS74      1.78E+01 1
AS76       1  0  0
                   AS76      1.10E+00 1
AS77       1  0  0
                   AS77      1.62E+00 1
AS78       1  0  0
                   AS78      6.30E-02 1
AT207      4  0  0
                   AT207     7.50E-02 1
                   BI207     1.39E+04 2 1 0.9000 0 0.0000
                   BI203     4.90E-01 3 1 0.1000 0 0.0000
                   PB203     2.17E+00 4 3 1.0000 0 0.0000
AT211      2  0  0
                   AT211     3.01E-01 1
                   BI207     1.39E+04 2 1 0.4200 0 0.0000
AT215      1  0  0
                   AT215     6.94E-05 1
AT216      1  0  0
                   AT216     2.08E-04 1
AT217      1  0  0
                   AT217     3.74E-07 1
AT218      4  0  0
                   AT218     2.31E-05 1
                   PB210     8.15E+03 2 1 1.0000 0 0.0000
                   BI210     5.01E+00 3 2 1.0000 0 0.0000
                   PO210     1.38E+02 4 3 1.0000 0 0.0000
AU193      2  0  0
                   AU193     7.35E-01 1
                   PT193     1.83E+04 2 1 1.0000 0 0.0000
AU194      1  0  0
                   AU194     1.65E+00 1
AU195      1  0  0
                   AU195     1.83E+02 1
AU195m     2  0  0
                   AU195m    3.53E-04 1
                   AU195     1.83E+02 2 1 1.0000 0 0.0000
AU198      1  0  0
                   AU198     2.70E+00 1
AU198m     2  0  0
                   AU198m    2.30E+00 1
                   AU198     2.70E+00 2 1 1.0000 0 0.0000
AU199      1  0  0
                   AU199     3.14E+00 1
AU200      1  0  0
                   AU200     3.36E-02 1
AU200m     1  0  0
                   AU200m    7.79E-01 1
AU201      1  0  0
                   AU201     1.83E-02 1
BA126      1  0  0
                   BA126     6.70E-02 1
BA128      1  0  0
                   BA128     2.43E+00 1
BA131      2  0  0
                   BA131     1.18E+01 1
                   CS131     9.69E+00 2 1 1.0000 0 0.0000
BA131m     3  0  0
                   BA131m    1.01E-02 1
                   BA131     1.18E+01 2 1 1.0000 0 0.0000
                   CS131     9.69E+00 3 2 1.0000 0 0.0000
BA133      1  0  0
                   BA133     3.92E+03 1
BA133m     2  0  0
                   BA133m    1.62E+00 1
                   BA133     3.92E+03 2 1 1.0000 0 0.0000
BA135m     1  0  0
                   BA135m    1.20E+00 1
BA137m     1  0  0
                   BA137m    1.77E-03 1
BA139      1  0  0
                   BA139     5.74E-02 1
BA140      2  0  0
                   BA140     1.27E+01 1
                   LA140     1.68E+00 2 1 1.0000 0 0.0000
BA141      2  0  0
                   BA141     1.27E-02 1
                   CE141     3.25E+01 2 1 1.0000 0 0.0000
BA142      1  0  0
                   BA142     7.36E-03 1
BE10       1  0  0
                   BE10      5.84E+08 1
BE7        1  0  0
                   BE7       5.33E+01 1
BI200      3  0  0
                   BI200     2.53E-02 1
                   PB200     8.96E-01 2 1 1.0000 0 0.0000
                   TL200     1.09E+00 3 2 1.0000 0 0.0000
BI201      3  0  0
                   BI201     7.50E-02 1
                   PB201     3.92E-01 2 1 1.0000 0 0.0000
                   TL201     3.04E+00 3 2 1.0000 0 0.0000
BI202      1  0  0
                   BI202     6.96E-02 1
BI203      2  0  0
                   BI203     4.90E-01 1
                   PB203     2.17E+00 2 1 1.0000 0 0.0000
BI204      1  0  0
                   BI204     4.68E-01 1
BI205      1  0  0
                   BI205     1.53E+01 1
BI206      1  0  0
                   BI206     6.24E+00 1
BI207      1  0  0
                   BI207     1.39E+04 1
BI210      2  0  0
                   BI210     5.01E+00 1
                   PO210     1.38E+02 2 1 1.0000 0 0.0000
BI210m     1  0  0
                   BI210m    1.10E+09 1
BI211      1  0  0
                   BI211     1.49E-03 1
BI212      1  0  0
                   BI212     4.20E-02 1
BI213      1  0  0
                   BI213     3.17E-02 1
BI214      4  0  0
                   BI214     1.38E-02 1
                   PB210     8.15E+03 2 1 1.0000 0 0.0000
                   BI210     5.01E+00 3 2 1.0000 0 0.0000
                   PO210     1.38E+02 4 3 1.0000 0 0.0000
BK245      4  0  0
                   BK245     4.94E+00 1
                   CM245     3.10E+06 2 1 1.0000 0 0.0000
                   PU241     5.26E+03 3 2 1.0000 0 0.0000
                   AM241     1.58E+05 4 3 1.0000 1 0.0012
BK246      2  0  0
                   BK246     1.83E+00 1
                   CM246     1.73E+06 2 1 1.0000 0 0.0000
BK247      3  0  0
                   BK247     5.04E+05 1
                   AM243     2.70E+06 2 1 1.0000 0 0.0000
                   NP239     2.36E+00 3 2 1.0000 0 0.0000
BK249      5  0  0
                   BK249     3.20E+02 1
                   CF249     1.28E+05 2 1 1.0000 0 0.0000
                   CM245     3.10E+06 3 2 1.0000 0 0.0000
                   PU241     5.26E+03 4 3 1.0000 0 0.0000
                   AM241     1.58E+05 5 4 1.0000 0 0.0000
BK250      3  0  0
                   BK250     1.34E-01 1
                   CF250     4.78E+03 2 1 1.0000 0 0.0000
                   CM246     1.73E+06 3 2 1.0000 0 0.0000
BR74       1  0  0
                   BR74      1.76E-02 1
BR74m      1  0  0
                   BR74m     2.88E-02 1
BR75       2  0  0
                   BR75      6.81E-02 1
                   SE75      1.20E+02 2 1 1.0000 0 0.0000
BR76       1  0  0
                   BR76      6.75E-01 1
BR77       1  0  0
                   BR77      2.33E+00 1
BR80       1  0  0
                   BR80      1.21E-02 1
BR80m      1  0  0
                   BR80m     1.84E-01 1
BR82       1  0  0
                   BR82      1.47E+00 1
BR83       1  0  0
                   BR83      9.96E-02 1
BR84       1  0  0
                   BR84      2.21E-02 1
C11        1  0  0
                   C11       1.42E-02 1
C14        1  0  0
                   C14       2.09E+06 1
CA41       1  0  0
                   CA41      5.11E+07 1
CA45       1  0  0
                   CA45      1.63E+02 1
CA47       2  0  0
                   CA47      4.53E+00 1
                   SC47      3.35E+00 2 1 1.0000 0 0.0000
CA49       1  0  0
                   CA49      6.05E-03 1
CD104      1  0  0
                   CD104     4.01E-02 1
CD107      1  0  0
                   CD107     2.70E-01 1
CD109      1  0  0
                   CD109     4.64E+02 1
CD113      1  0  0
                   CD113     3.40E+18 1
CD113m     1  0  0
                   CD113m    4.97E+03 1
CD115      1  0  0
                   CD115     2.23E+00 1
CD115m     1  0  0
                   CD115m    4.46E+01 1
CD117      2  0  0
                   CD117     1.04E-01 1
                   SN117m    1.36E+01 2 1 0.0016 0 0.0000
CD117m     2  0  0
                   CD117m    1.40E-01 1
                   SN117m    1.36E+01 2 1 0.0032 0 0.0000
CE134      1  0  0
                   CE134     3.00E+00 1
CE135      2  0  0
                   CE135     7.33E-01 1
                   LA135     8.13E-01 2 1 1.0000 0 0.0000
CE137      1  0  0
                   CE137     3.75E-01 1
CE137m     2  0  0
                   CE137m    1.43E+00 1
                   CE137     3.75E-01 2 1 0.9900 0 0.0000
CE139      1  0  0
                   CE139     1.38E+02 1
CE141      1  0  0
                   CE141     3.25E+01 1
CE143      2  0  0
                   CE143     1.38E+00 1
                   PR143     1.36E+01 2 1 1.0000 0 0.0000
CE144      1  0  0
                   CE144     2.84E+02 1
CF244      7  0  0
                   CF244     1.35E-02 1
                   CM240     2.70E+01 2 1 1.0000 0 0.0000
                   PU236     1.04E+03 3 2 1.0000 0 0.0000
                   U232      2.63E+04 4 3 1.0000 0 0.0000
                   TH228     6.99E+02 5 4 1.0000 0 0.0000
                   RA224     3.66E+00 6 5 1.0000 0 0.0000
                   PB212     4.43E-01 7 6 1.0000 0 0.0000
CF246      3  0  0
                   CF246     1.49E+00 1
                   CM242     1.63E+02 2 1 1.0000 0 0.0000
                   PU238     3.20E+04 3 2 1.0000 0 0.0000
CF248      3  0  0
                   CF248     3.34E+02 1
                   CM244     6.61E+03 2 1 1.0000 0 0.0000
                   PU240     2.39E+06 3 2 1.0000 0 0.0000
CF249      4  0  0
                   CF249     1.28E+05 1
                   CM245     3.10E+06 2 1 1.0000 0 0.0000
                   PU241     5.26E+03 3 2 1.0000 0 0.0000
                   AM241     1.58E+05 4 3 1.0000 0 0.0000
CF250      2  0  0
                   CF250     4.78E+03 1
                   CM246     1.73E+06 2 1 1.0000 0 0.0000
CF251      1  0  0
                   CF251     3.28E+05 1
CF252      1  0  0
                   CF252     9.64E+02 1
CF253      7  0  0
                   CF253     1.78E+01 1
                   ES253     2.05E+01 2 1 1.0000 0 0.0000
                   BK249     3.20E+02 3 1 0.0031 2 1.0000
                   CF249     1.28E+05 4 3 1.0000 0 0.0000
                   CM245     3.10E+06 5 4 1.0000 0 0.0000
                   PU241     5.26E+03 6 5 1.0000 0 0.0000
                   AM241     1.58E+05 7 6 1.0000 0 0.0000
CF254      5  0  0
                   CF254     6.05E+01 1
                   CM250     2.52E+06 2 1 0.0031 0 0.0000
                   PU246     1.09E+01 3 2 0.2500 0 0.0000
                   CF250     4.78E+03 4 2 0.1400 0 0.0000
                   CM246     1.73E+06 5 4 1.0000 3 1.0000
CL36       1  0  0
                   CL36      1.10E+08 1
CL38       1  0  0
                   CL38      2.58E-02 1
CL39       2  0  0
                   CL39      3.86E-02 1
                   AR39      9.83E+04 2 1 1.0000 0 0.0000
CM238      3  0  0
                   CM238     1.00E-01 1
                   PU238     3.20E+04 2 1 0.9000 0 0.0000
                   NP234     4.40E+00 3 1 0.0940 1 0.0000
CM240      6  0  0
                   CM240     2.70E+01 1
                   PU236     1.04E+03 2 1 1.0000 0 0.0000
                   U232      2.63E+04 3 2 1.0000 0 0.0000
                   TH228     6.99E+02 4 3 1.0000 0 0.0000
                   RA224     3.66E+00 5 4 1.0000 0 0.0000
                   PB212     4.43E-01 6 5 1.0000 0 0.0000
CM241      3  0  0
                   CM241     3.28E+01 1
                   AM241     1.58E+05 2 1 0.9900 0 0.0000
                   PU237     4.53E+01 3 1 0.0100 0 0.0000
CM242      2  0  0
                   CM242     1.63E+02 1
                   PU238     3.20E+04 2 1 1.0000 0 0.0000
CM243      3  0  0
                   CM243     1.04E+04 1
                   AM243     2.70E+06 2 1 0.0024 0 0.0000
                   NP239     2.36E+00 3 2 1.0000 0 0.0000
CM244      2  0  0
                   CM244     6.61E+03 1
                   PU240     2.39E+06 2 1 1.0000 0 0.0000
CM245      3  0  0
                   CM245     3.10E+06 1
                   PU241     5.26E+03 2 1 1.0000 0 0.0000
                   AM241     1.58E+05 3 2 1.0000 0 0.0000
CM246      1  0  0
                   CM246     1.73E+06 1
CM247      3  0  0
                   CM247     5.70E+09 1
                   AM243     2.70E+06 2 1 1.0000 0 0.0000
                   NP239     2.36E+00 3 2 1.0000 0 0.0000
CM248      1  0  0
                   CM248     1.24E+08 1
CM249      6  0  0
                   CM249     4.45E-02 1
                   BK249     3.20E+02 2 1 1.0000 0 0.0000
                   CF249     1.28E+05 3 2 1.0000 0 0.0000
                   CM245     3.10E+06 4 3 1.0000 0 0.0000
                   PU241     5.26E+03 5 4 1.0000 0 0.0000
                   AM241     1.58E+05 6 5 1.0000 0 0.0000
CM250      4  0  0
                   CM250     2.52E+06 1
                   PU246     1.09E+01 2 1 0.2500 0 0.0000
                   CF250     4.78E+03 3 1 0.1400 0 0.0000
                   CM246     1.73E+06 4 3 1.0000 2 1.0000
CO55       2  0  0
                   CO55      7.31E-01 1
                   FE55      9.86E+02 2 1 1.0000 0 0.0000
CO56       1  0  0
                   CO56      7.88E+01 1
CO57       1  0  0
                   CO57      2.71E+02 1
CO58       1  0  0
                   CO58      7.08E+01 1
CO58m      2  0  0
                   CO58m     3.81E-01 1
                   CO58      7.08E+01 2 1 1.0000 0 0.0000
CO60       1  0  0
                   CO60      1.93E+03 1
CO60m      2  0  0
                   CO60m     7.27E-03 1
                   CO60      1.93E+03 2 1 1.0000 0 0.0000
CO61       1  0  0
                   CO61      6.88E-02 1
CO62m      1  0  0
                   CO62m     9.66E-03 1
CR48       2  0  0
                   CR48      9.57E-01 1
                   V48       1.62E+01 2 1 1.0000 0 0.0000
CR49       2  0  0
                   CR49      2.92E-02 1
                   V49       3.30E+02 2 1 1.0000 0 0.0000
CR51       1  0  0
                   CR51      2.77E+01 1
CS125      3  0  0
                   CS125     3.13E-02 1
                   XE125     7.08E-01 2 1 1.0000 0 0.0000
                   I125      6.01E+01 3 2 1.0000 0 0.0000
CS126      1  0  0
                   CS126     1.14E-03 1
CS127      2  0  0
                   CS127     2.60E-01 1
                   XE127     3.64E+01 2 1 1.0000 0 0.0000
CS128      1  0  0
                   CS128     2.71E-03 1
CS129      1  0  0
                   CS129     1.34E+00 1
CS130      1  0  0
                   CS130     2.08E-02 1
CS131      1  0  0
                   CS131     9.69E+00 1
CS132      1  0  0
                   CS132     6.47E+00 1
CS134      1  0  0
                   CS134     7.53E+02 1
CS134m     2  0  0
                   CS134m    1.21E-01 1
                   CS134     7.53E+02 2 1 1.0000 0 0.0000
CS135      1  0  0
                   CS135     8.40E+08 1
CS135m     1  0  0
                   CS135m    3.68E-02 1
CS136      1  0  0
                   CS136     1.31E+01 1
CS137      1  0  0
                   CS137     1.10E+04 1
CS138      1  0  0
                   CS138     2.24E-02 1
CU57       3  0  0
                   CU57      1.62E-01 1
                   NI57      1.50E+00 2 1 1.0000 0 0.0000
                   CO57      2.71E+02 3 2 1.0000 0 0.0000
CU60       1  0  0
                   CU60      1.61E-02 1
CU61       1  0  0
                   CU61      1.42E-01 1
CU62       1  0  0
                   CU62      6.76E-03 1
CU64       1  0  0
                   CU64      5.29E-01 1
CU66       1  0  0
                   CU66      3.54E-03 1
CU67       1  0  0
                   CU67      2.58E+00 1
DY155      2  0  0
                   DY155     4.17E-01 1
                   TB155     5.32E+00 2 1 1.0000 0 0.0000
DY157      2  0  0
                   DY157     3.38E-01 1
                   TB157     5.48E+04 2 1 1.0000 0 0.0000
DY159      1  0  0
                   DY159     1.44E+02 1
DY165      1  0  0
                   DY165     9.73E-02 1
DY166      2  0  0
                   DY166     3.40E+00 1
                   HO166     1.12E+00 2 1 1.0000 0 0.0000
ER161      1  0  0
                   ER161     1.35E-01 1
ER165      1  0  0
                   ER165     4.32E-01 1
ER167m     1  0  0
                   ER167m    2.64E-05 1
ER169      1  0  0
                   ER169     9.30E+00 1
ER171      2  0  0
                   ER171     3.13E-01 1
                   TM171     7.01E+02 2 1 1.0000 0 0.0000
ER172      2  0  0
                   ER172     2.05E+00 1
                   TM172     2.65E+00 2 1 1.0000 0 0.0000
ES250      3  0  0
                   ES250     8.75E-02 1
                   CF250     4.78E+03 2 1 1.0000 0 0.0000
                   CM246     1.73E+06 3 2 1.0000 0 0.0000
ES251      2  0  0
                   ES251     1.38E+00 1
                   CF251     3.28E+05 2 1 1.0000 0 0.0000
ES253      6  0  0
                   ES253     2.05E+01 1
                   BK249     3.20E+02 2 1 1.0000 0 0.0000
                   CF249     1.28E+05 3 2 1.0000 0 0.0000
                   CM245     3.10E+06 4 3 1.0000 0 0.0000
                   PU241     5.26E+03 5 4 1.0000 0 0.0000
                   AM241     1.58E+05 6 5 1.0000 0 0.0000
ES254      3  0  0
                   ES254     2.76E+02 1
                   CF250     4.78E+03 2 1 1.0000 0 0.0000
                   CM246     1.73E+06 3 2 1.0000 0 0.0000
ES254m     3  0  0
                   ES254m    1.64E+00 1
                   CF250     4.78E+03 2 1 0.0032 1 0.9800
                   CM246     1.73E+06 3 2 1.0000 0 0.0000
EU145      3  0  0
                   EU145     5.94E+00 1
                   SM145     3.40E+02 2 1 1.0000 0 0.0000
                   PM145     6.46E+03 3 2 1.0000 0 0.0000
EU146      1  0  0
                   EU146     4.61E+00 1
EU147      1  0  0
                   EU147     2.40E+01 1
EU148      1  0  0
                   EU148     5.45E+01 1
EU149      1  0  0
                   EU149     9.31E+01 1
EU150a     1  0  0
                   EU150a    5.26E-01 1
EU150b     1  0  0
                   EU150b    1.25E+04 1
EU152      1  0  0
                   EU152     4.87E+03 1
EU152m     1  0  0
                   EU152m    3.88E-01 1
EU154      1  0  0
                   EU154     3.21E+03 1
EU155      1  0  0
                   EU155     1.81E+03 1
EU156      1  0  0
                   EU156     1.52E+01 1
EU157      1  0  0
                   EU157     6.31E-01 1
EU158      1  0  0
                   EU158     3.19E-02 1
F18        1  0  0
                   F18       7.62E-02 1
FE52       2  0  0
                   FE52      3.45E-01 1
                   MN52      5.59E+00 2 1 0.0180 0 0.0000
FE55       1  0  0
                   FE55      9.86E+02 1
FE59       1  0  0
                   FE59      4.45E+01 1
FE60       2  0  0
                   FE60      3.65E+07 1
                   CO60      1.93E+03 2 1 1.0000 0 0.0000
FM252      4  0  0
                   FM252     9.46E-01 1
                   CF248     3.34E+02 2 1 1.0000 0 0.0000
                   CM244     6.61E+03 3 2 1.0000 0 0.0000
                   PU240     2.39E+06 4 3 1.0000 0 0.0000
FM253      7  0  0
                   FM253     3.00E+00 1
                   ES253     2.05E+01 2 1 0.8800 0 0.0000
                   BK249     3.20E+02 3 2 1.0000 0 0.0000
                   CF249     1.28E+05 4 3 1.0000 1 0.1200
                   CM245     3.10E+06 5 4 1.0000 0 0.0000
                   PU241     5.26E+03 6 5 1.0000 0 0.0000
                   AM241     1.58E+05 7 6 1.0000 0 0.0000
FM254      3  0  0
                   FM254     1.35E-01 1
                   CF250     4.78E+03 2 1 1.0000 0 0.0000
                   CM246     1.73E+06 3 2 1.0000 0 0.0000
FM255      2  0  0
                   FM255     8.36E-01 1
                   CF251     3.28E+05 2 1 1.0000 0 0.0000
FM257      8  0  0
                   FM257     1.01E+02 1
                   CF253     1.78E+01 2 1 1.0000 0 0.0000
                   ES253     2.05E+01 3 2 1.0000 0 0.0000
                   BK249     3.20E+02 4 2 0.0031 3 1.0000
                   CF249     1.28E+05 5 4 1.0000 0 0.0000
                   CM245     3.10E+06 6 5 1.0000 0 0.0000
                   PU241     5.26E+03 7 6 1.0000 0 0.0000
                   AM241     1.58E+05 8 7 1.0000 0 0.0000
FR219      1  0  0
                   FR219     1.46E-02 1
FR220      1  0  0
                   FR220     3.17E-04 1
FR221      1  0  0
                   FR221     3.33E-03 1
FR222      4  0  0
                   FR222     1.00E-02 1
                   PB210     8.15E+03 2 1 1.0000 0 0.0000
                   BI210     5.01E+00 3 2 1.0000 0 0.0000
                   PO210     1.38E+02 4 3 1.0000 0 0.0000
FR223      2  0  0
                   FR223     1.51E-02 1
                   RA223     1.14E+01 2 1 1.0000 0 0.0000
GA65       2  0  0
                   GA65      1.06E-02 1
                   ZN65      2.44E+02 2 1 1.0000 0 0.0000
GA66       1  0  0
                   GA66      3.92E-01 1
GA67       1  0  0
                   GA67      3.26E+00 1
GA68       1  0  0
                   GA68      4.72E-02 1
GA70       1  0  0
                   GA70      1.47E-02 1
GA72       1  0  0
                   GA72      5.88E-01 1
GA73       1  0  0
                   GA73      2.05E-01 1
GD145      4  0  0
                   GD145     1.59E-02 1
                   EU145     5.94E+00 2 1 1.0000 0 0.0000
                   SM145     3.40E+02 3 2 1.0000 0 0.0000
                   PM145     6.46E+03 4 3 1.0000 0 0.0000
GD146      2  0  0
                   GD146     4.83E+01 1
                   EU146     4.61E+00 2 1 1.0000 0 0.0000
GD147      2  0  0
                   GD147     1.59E+00 1
                   EU147     2.40E+01 2 1 1.0000 0 0.0000
GD148      1  0  0
                   GD148     3.40E+04 1
GD149      2  0  0
                   GD149     9.40E+00 1
                   EU149     9.31E+01 2 1 1.0000 0 0.0000
GD151      1  0  0
                   GD151     1.20E+02 1
GD152      1  0  0
                   GD152     3.94E+16 1
GD153      1  0  0
                   GD153     2.42E+02 1
GD159      1  0  0
                   GD159     7.73E-01 1
GE66       2  0  0
                   GE66      9.46E-02 1
                   GA66      3.92E-01 2 1 1.0000 0 0.0000
GE67       2  0  0
                   GE67      1.30E-02 1
                   GA67      3.26E+00 2 1 1.0000 0 0.0000
GE68       1  0  0
                   GE68      2.88E+02 1
GE69       1  0  0
                   GE69      1.63E+00 1
GE71       1  0  0
                   GE71      1.18E+01 1
GE75       1  0  0
                   GE75      5.75E-02 1
GE77       2  0  0
                   GE77      4.71E-01 1
                   AS77      1.62E+00 2 1 1.0000 0 0.0000
GE78       1  0  0
                   GE78      6.04E-02 1
H3         2  0  0
                   H3        4.51E+03 1
                   OBT       4.50E+03 2 1 0.0000 0 0.0000
H3EL       2  0  0
                   H3EL      4.51E+03 1
                   OBT       4.50E+03 2 1 0.0000 0 0.0000
HF170      2  0  0
                   HF170     6.67E-01 1
                   LU170     2.00E+00 2 1 1.0000 0 0.0000
HF172      2  0  0
                   HF172     6.83E+02 1
                   LU172     6.70E+00 2 1 1.0000 0 0.0000
HF173      2  0  0
                   HF173     1.00E+00 1
                   LU173     5.00E+02 2 1 1.0000 0 0.0000
HF175      1  0  0
                   HF175     7.00E+01 1
HF177m     1  0  0
                   HF177m    3.57E-02 1
HF178m     1  0  0
                   HF178m    1.13E+04 1
HF179m     1  0  0
                   HF179m    2.51E+01 1
HF180m     1  0  0
                   HF180m    2.29E-01 1
HF181      1  0  0
                   HF181     4.24E+01 1
HF182      2  0  0
                   HF182     3.29E+09 1
                   TA182     1.15E+02 2 1 1.0000 0 0.0000
HF182m     1  0  0
                   HF182m    4.27E-02 1
HF183      2  0  0
                   HF183     4.44E-02 1
                   TA183     5.10E+00 2 1 1.0000 0 0.0000
HF184      1  0  0
                   HF184     1.72E-01 1
HG193      3  0  0
                   HG193     1.46E-01 1
                   AU193     7.35E-01 2 1 1.0000 0 0.0000
                   PT193     1.83E+04 3 2 1.0000 0 0.0000
HG193m     3  0  0
                   HG193m    4.63E-01 1
                   AU193     7.35E-01 2 1 0.0800 1 0.9200
                   PT193     1.83E+04 3 2 1.0000 0 0.0000
HG194      2  0  0
                   HG194     9.50E+04 1
                   AU194     1.65E+00 2 1 1.0000 0 0.0000
HG195      2  0  0
                   HG195     4.12E-01 1
                   AU195     1.83E+02 2 1 1.0000 0 0.0000
HG195m     3  0  0
                   HG195m    1.73E+00 1
                   HG195     4.12E-01 2 1 0.5400 0 0.0000
                   AU195     1.83E+02 3 2 1.0000 1 0.4600
HG197      1  0  0
                   HG197     2.67E+00 1
HG197m     2  0  0
                   HG197m    9.92E-01 1
                   HG197     2.67E+00 2 1 0.9300 0 0.0000
HG199m     1  0  0
                   HG199m    2.96E-02 1
HG203      1  0  0
                   HG203     4.66E+01 1
HG206      1  0  0
                   HG206     5.66E-03 1
HO155      3  0  0
                   HO155     3.33E-02 1
                   DY155     4.17E-01 2 1 1.0000 0 0.0000
                   TB155     5.32E+00 3 2 1.0000 0 0.0000
HO157      2  0  0
                   HO157     8.75E-03 1
                   TB157     5.48E+04 2 1 1.0000 0 0.0000
HO159      2  0  0
                   HO159     2.29E-02 1
                   DY159     1.44E+02 2 1 1.0000 0 0.0000
HO161      1  0  0
                   HO161     1.04E-01 1
HO162      1  0  0
                   HO162     1.04E-02 1
HO162m     1  0  0
                   HO162m    4.72E-02 1
HO164      1  0  0
                   HO164     2.01E-02 1
HO164m     1  0  0
                   HO164m    2.60E-02 1
HO166      1  0  0
                   HO166     1.12E+00 1
HO166m     1  0  0
                   HO166m    4.38E+05 1
HO167      1  0  0
                   HO167     1.29E-01 1
I120       1  0  0
                   I120      5.63E-02 1
I120m      1  0  0
                   I120m     3.68E-02 1
I121       2  0  0
                   I121      8.83E-02 1
                   TE121     1.70E+01 2 1 1.0000 0 0.0000
I122       1  0  0
                   I122      2.51E-03 1
I123       1  0  0
                   I123      5.50E-01 1
I124       1  0  0
                   I124      4.18E+00 1
I125       1  0  0
                   I125      6.01E+01 1
I126       1  0  0
                   I126      1.30E+01 1
I128       1  0  0
                   I128      1.74E-02 1
I129       1  0  0
                   I129      5.73E+09 1
I130       1  0  0
                   I130      5.15E-01 1
I131       2  0  0
                   I131      8.04E+00 1
                   XE131m    1.19E+01 2 1 0.0110 0 0.0000
I132       1  0  0
                   I132      9.58E-02 1
I132m      1  0  0
                   I132m     5.81E-02 1
I133       3  0  0
                   I133      8.67E-01 1
                   XE133m    2.19E+00 2 1 0.0290 0 0.0000
                   XE133     5.24E+00 3 2 1.0000 1 0.9700
I134       1  0  0
                   I134      3.65E-02 1
I135       2  0  0
                   I135      2.75E-01 1
                   XE135     3.79E-01 2 1 0.1500 1 0.8500
IN109      2  0  0
                   IN109     1.75E-01 1
                   CD109     4.64E+02 2 1 1.0000 0 0.0000
IN110a     1  0  0
                   IN110a    4.80E-02 1
IN110b     1  0  0
                   IN110b    2.04E-01 1
IN111      1  0  0
                   IN111     2.83E+00 1
IN111m     2  0  0
                   IN111m    5.35E-03 1
                   IN111     2.83E+00 2 1 1.0000 0 0.0000
IN112      1  0  0
                   IN112     1.00E-02 1
IN113m     1  0  0
                   IN113m    6.91E-02 1
IN114      1  0  0
                   IN114     8.32E-04 1
IN114m     1  0  0
                   IN114m    4.95E+01 1
IN115      1  0  0
                   IN115     1.86E+18 1
IN115m     1  0  0
                   IN115m    1.87E-01 1
IN116m     1  0  0
                   IN116m    3.76E-02 1
IN117      2  0  0
                   IN117     3.04E-02 1
                   SN117m    1.36E+01 2 1 0.0032 0 0.0000
IN117m     2  0  0
                   IN117m    8.09E-02 1
                   SN117m    1.36E+01 2 1 0.0015 0 0.0000
IN119      2  0  0
                   IN119     1.67E-03 1
                   SN119m    2.93E+02 2 1 0.1100 0 0.0000
IN119m     2  0  0
                   IN119m    1.25E-02 1
                   SN119m    2.93E+02 2 1 0.0027 0 0.0000
IR182      3  0  0
                   IR182     1.04E-02 1
                   OS182     9.17E-01 2 1 1.0000 0 0.0000
                   RE182a    5.29E-01 3 2 1.0000 0 0.0000
IR184      1  0  0
                   IR184     1.26E-01 1
IR185      2  0  0
                   IR185     5.83E-01 1
                   OS185     9.40E+01 2 1 1.0000 0 0.0000
IR186a     1  0  0
                   IR186a    6.58E-01 1
IR186b     1  0  0
                   IR186b    7.29E-02 1
IR187      1  0  0
                   IR187     4.38E-01 1
IR188      1  0  0
                   IR188     1.73E+00 1
IR189      1  0  0
                   IR189     1.33E+01 1
IR190      1  0  0
                   IR190     1.21E+01 1
IR190m     2  0  0
                   IR190m    5.00E-02 1
                   IR190     1.21E+01 2 1 1.0000 0 0.0000
IR190n     2  0  0
                   IR190n    1.29E-01 1
                   IR190     1.21E+01 2 1 0.0500 0 0.0000
IR191m     1  0  0
                   IR191m    5.72E-05 1
IR192      1  0  0
                   IR192     7.40E+01 1
IR192m     2  0  0
                   IR192m    8.80E+04 1
                   IR192     7.40E+01 2 1 1.0000 0 0.0000
IR194      1  0  0
                   IR194     7.98E-01 1
IR194m     1  0  0
                   IR194m    1.71E+02 1
IR195      1  0  0
                   IR195     1.04E-01 1
IR195m     1  0  0
                   IR195m    1.58E-01 1
K38        1  0  0
                   K38       5.30E-03 1
K40        1  0  0
                   K40       4.68E+11 1
K42        1  0  0
                   K42       5.15E-01 1
K43        1  0  0
                   K43       9.42E-01 1
K44        1  0  0
                   K44       1.54E-02 1
K45        2  0  0
                   K45       1.39E-02 1
                   CA45      1.63E+02 2 1 1.0000 0 0.0000
KR74       1  0  0
                   KR74      7.99E-03 1
KR76       2  0  0
                   KR76      6.17E-01 1
                   BR76      6.75E-01 2 1 1.0000 0 0.0000
KR77       2  0  0
                   KR77      5.19E-02 1
                   BR77      2.33E+00 2 1 1.0000 0 0.0000
KR79       1  0  0
                   KR79      1.46E+00 1
KR81       1  0  0
                   KR81      7.67E+07 1
KR81m      1  0  0
                   KR81m     1.50E-04 1
KR83m      1  0  0
                   KR83m     7.63E-02 1
KR85       1  0  0
                   KR85      3.92E+03 1
KR85m      2  0  0
                   KR85m     1.87E-01 1
                   KR85      3.92E+03 2 1 0.2100 0 0.0000
KR87       1  0  0
                   KR87      5.30E-02 1
KR88       1  0  0
                   KR88      1.18E-01 1
LA131      3  0  0
                   LA131     4.10E-02 1
                   BA131     1.18E+01 2 1 1.0000 0 0.0000
                   CS131     9.69E+00 3 2 1.0000 0 0.0000
LA132      1  0  0
                   LA132     2.00E-01 1
LA134      1  0  0
                   LA134     4.63E-03 1
LA135      1  0  0
                   LA135     8.13E-01 1
LA137      1  0  0
                   LA137     2.19E+07 1
LA138      1  0  0
                   LA138     4.93E+13 1
LA140      1  0  0
                   LA140     1.68E+00 1
LA141      2  0  0
                   LA141     1.64E-01 1
                   CE141     3.25E+01 2 1 1.0000 0 0.0000
LA142      1  0  0
                   LA142     6.42E-02 1
LA143      3  0  0
                   LA143     9.88E-03 1
                   CE143     1.38E+00 2 1 1.0000 0 0.0000
                   PR143     1.36E+01 3 2 1.0000 0 0.0000
LU169      2  0  0
                   LU169     1.42E+00 1
                   YB169     3.20E+01 2 1 1.0000 0 0.0000
LU170      1  0  0
                   LU170     2.00E+00 1
LU171      1  0  0
                   LU171     8.22E+00 1
LU172      1  0  0
                   LU172     6.70E+00 1
LU173      1  0  0
                   LU173     5.00E+02 1
LU174      1  0  0
                   LU174     1.21E+03 1
LU174m     2  0  0
                   LU174m    1.42E+02 1
                   LU174     1.21E+03 2 1 0.9900 0 0.0000
LU176      1  0  0
                   LU176     1.31E+13 1
LU176m     1  0  0
                   LU176m    1.53E-01 1
LU177      1  0  0
                   LU177     6.71E+00 1
LU177m     2  0  0
                   LU177m    1.61E+02 1
                   LU177     6.71E+00 2 1 0.2100 0 0.0000
LU178      1  0  0
                   LU178     1.97E-02 1
LU178m     1  0  0
                   LU178m    1.58E-02 1
LU179      1  0  0
                   LU179     1.91E-01 1
MD257      9  0  0
                   MD257     2.17E-01 1
                   FM257     1.01E+02 2 1 0.9000 0 0.0000
                   CF253     1.78E+01 3 2 1.0000 0 0.0000
                   ES253     2.05E+01 4 3 1.0000 1 0.1000
                   BK249     3.20E+02 5 3 0.0031 4 1.0000
                   CF249     1.28E+05 6 5 1.0000 0 0.0000
                   CM245     3.10E+06 7 6 1.0000 0 0.0000
                   PU241     5.26E+03 8 7 1.0000 0 0.0000
                   AM241     1.58E+05 9 8 1.0000 0 0.0000
MD258      4  0  0
                   MD258     5.50E+01 1
                   ES254     2.76E+02 2 1 1.0000 0 0.0000
                   CF250     4.78E+03 3 2 1.0000 0 0.0000
                   CM246     1.73E+06 4 3 1.0000 0 0.0000
MG28       1  0  0
                   MG28      8.71E-01 1
MN51       2  0  0
                   MN51      3.21E-02 1
                   CR51      2.77E+01 2 1 1.0000 0 0.0000
MN52       1  0  0
                   MN52      5.59E+00 1
MN52m      2  0  0
                   MN52m     1.47E-02 1
                   MN52      5.59E+00 2 1 0.0180 0 0.0000
MN53       1  0  0
                   MN53      1.35E+09 1
MN54       1  0  0
                   MN54      3.13E+02 1
MN56       1  0  0
                   MN56      1.07E-01 1
MO101      1  0  0
                   MO101     1.02E-02 1
MO90       2  0  0
                   MO90      2.36E-01 1
                   NB90      6.08E-01 2 1 1.0000 0 0.0000
MO93       2  0  0
                   MO93      1.28E+06 1
                   NB93m     4.97E+03 2 1 1.0000 0 0.0000
MO93m      3  0  0
                   MO93m     2.85E-01 1
                   MO93      1.28E+06 2 1 1.0000 0 0.0000
                   NB93m     4.97E+03 3 2 1.0000 0 0.0000
MO99       1  0  0
                   MO99      2.75E+00 1
N13        1  0  0
                   N13       6.92E-03 1
NA22       1  0  0
                   NA22      9.50E+02 1
NA24       1  0  0
                   NA24      6.25E-01 1
NB88       3  0  0
                   NB88      9.93E-03 1
                   ZR88      8.34E+01 2 1 1.0000 0 0.0000
                   Y88       1.07E+02 3 2 1.0000 0 0.0000
NB89a      2  0  0
                   NB89a     4.58E-02 1
                   ZR89      3.27E+00 2 1 1.0000 0 0.0000
NB89b      2  0  0
                   NB89b     8.47E-02 1
                   ZR89      3.27E+00 2 1 1.0000 0 0.0000
NB90       1  0  0
                   NB90      6.08E-01 1
NB93m      1  0  0
                   NB93m     4.97E+03 1
NB94       1  0  0
                   NB94      7.41E+06 1
NB95       1  0  0
                   NB95      3.52E+01 1
NB95m      2  0  0
                   NB95m     3.61E+00 1
                   NB95      3.52E+01 2 1 1.0000 0 0.0000
NB96       1  0  0
                   NB96      9.73E-01 1
NB97       1  0  0
                   NB97      5.01E-02 1
NB97m      1  0  0
                   NB97m     6.94E-04 1
NB98       1  0  0
                   NB98      3.58E-02 1
ND136      1  0  0
                   ND136     3.52E-02 1
ND138      1  0  0
                   ND138     2.10E-01 1
ND139      2  0  0
                   ND139     2.06E-02 1
                   CE139     1.38E+02 2 1 1.0000 0 0.0000
ND139m     2  0  0
                   ND139m    2.29E-01 1
                   CE139     1.38E+02 2 1 1.0000 0 0.0000
ND141      1  0  0
                   ND141     1.04E-01 1
ND141m     1  0  0
                   ND141m    7.22E-04 1
ND147      2  0  0
                   ND147     1.10E+01 1
                   PM147     9.58E+02 2 1 1.0000 0 0.0000
ND149      2  0  0
                   ND149     7.21E-02 1
                   PM149     2.21E+00 2 1 1.0000 0 0.0000
ND151      3  0  0
                   ND151     8.64E-03 1
                   PM151     1.18E+00 2 1 1.0000 0 0.0000
                   SM151     3.29E+04 3 2 1.0000 0 0.0000
NE19       1  0  0
                   NE19      1.99E-04 1
NI56       2  0  0
                   NI56      6.10E+00 1
                   CO56      7.88E+01 2 1 1.0000 0 0.0000
NI57       2  0  0
                   NI57      1.50E+00 1
                   CO57      2.71E+02 2 1 1.0000 0 0.0000
NI59       1  0  0
                   NI59      2.74E+07 1
NI63       1  0  0
                   NI63      3.51E+04 1
NI65       1  0  0
                   NI65      1.05E-01 1
NI66       1  0  0
                   NI66      2.28E+00 1
NP232      5  0  0
                   NP232     1.02E-02 1
                   U232      2.63E+04 2 1 1.0000 0 0.0000
                   TH228     6.99E+02 3 2 1.0000 0 0.0000
                   RA224     3.66E+00 4 3 1.0000 0 0.0000
                   PB212     4.43E-01 5 4 1.0000 0 0.0000
NP233      1  0  0
                   NP233     2.51E-02 1
NP234      1  0  0
                   NP234     4.40E+00 1
NP235      1  0  0
                   NP235     3.96E+02 1
NP236a     1  0  0
                   NP236a    4.20E+07 1
NP236b     1  0  0
                   NP236b    9.38E-01 1
NP237      2  0  0
                   NP237     7.82E+08 1
                   PA233     2.70E+01 2 1 1.0000 0 0.0000
NP238      2  0  0
                   NP238     2.12E+00 1
                   PU238     3.20E+04 2 1 1.0000 0 0.0000
NP239      1  0  0
                   NP239     2.36E+00 1
NP240      2  0  0
                   NP240     4.51E-02 1
                   PU240     2.39E+06 2 1 1.0000 0 0.0000
NP240m     2  0  0
                   NP240m    5.14E-03 1
                   PU240     2.39E+06 2 1 1.0000 0 0.0000
O14        1  0  0
                   O14       8.17E-04 1
O15        1  0  0
                   O15       1.41E-03 1
O19        1  0  0
                   O19       3.11E-04 1
OBT        1  0  0
                   OBT       4.50E+03 1
OS180      1  0  0
                   OS180     1.53E-02 1
OS181      3  0  0
                   OS181     7.29E-02 1
                   RE181     8.33E-01 2 1 1.0000 0 0.0000
                   W181      1.21E+02 3 2 1.0000 0 0.0000
OS182      2  0  0
                   OS182     9.17E-01 1
                   RE182a    5.29E-01 2 1 1.0000 0 0.0000
OS185      1  0  0
                   OS185     9.40E+01 1
OS189m     1  0  0
                   OS189m    2.50E-01 1
OS190m     1  0  0
                   OS190m    6.87E-03 1
OS191      1  0  0
                   OS191     1.54E+01 1
OS191m     2  0  0
                   OS191m    5.43E-01 1
                   OS191     1.54E+01 2 1 1.0000 0 0.0000
OS193      1  0  0
                   OS193     1.25E+00 1
OS194      2  0  0
                   OS194     2.19E+03 1
                   IR194     7.98E-01 2 1 1.0000 0 0.0000
P30        1  0  0
                   P30       1.74E-03 1
P32        1  0  0
                   P32       1.43E+01 1
P33        1  0  0
                   P33       2.54E+01 1
PA227      3  0  0
                   PA227     2.66E-02 1
                   TH227     1.87E+01 2 1 0.1500 0 0.0000
                   RA223     1.14E+01 3 2 1.0000 0 0.0000
PA228      4  0  0
                   PA228     9.17E-01 1
                   TH228     6.99E+02 2 1 0.9800 0 0.0000
                   RA224     3.66E+00 3 1 0.0180 2 1.0000
                   PB212     4.43E-01 4 3 1.0000 0 0.0000
PA230      1  0  0
                   PA230     1.74E+01 1
PA231      4  0  0
                   PA231     1.20E+07 1
                   AC227     7.95E+03 2 1 1.0000 0 0.0000
                   TH227     1.87E+01 3 2 0.9900 0 0.0000
                   RA223     1.14E+01 4 2 0.0140 3 1.0000
PA232      5  0  0
                   PA232     1.31E+00 1
                   U232      2.63E+04 2 1 1.0000 0 0.0000
                   TH228     6.99E+02 3 2 1.0000 0 0.0000
                   RA224     3.66E+00 4 3 1.0000 0 0.0000
                   PB212     4.43E-01 5 4 1.0000 0 0.0000
PA233      1  0  0
                   PA233     2.70E+01 1
PA234      1  0  0
                   PA234     2.79E-01 1
PA234m     1  0  0
                   PA234m    8.13E-04 1
PB195m     3  0  0
                   PB195m    1.10E-02 1
                   HG195     4.12E-01 2 1 1.0000 0 0.0000
                   AU195     1.83E+02 3 2 1.0000 0 0.0000
PB198      1  0  0
                   PB198     1.00E-01 1
PB199      1  0  0
                   PB199     6.25E-02 1
PB200      2  0  0
                   PB200     8.96E-01 1
                   TL200     1.09E+00 2 1 1.0000 0 0.0000
PB201      2  0  0
                   PB201     3.92E-01 1
                   TL201     3.04E+00 2 1 1.0000 0 0.0000
PB202      2  0  0
                   PB202     1.10E+08 1
                   TL202     1.22E+01 2 1 1.0000 0 0.0000
PB202m     1  0  0
                   PB202m    1.51E-01 1
PB203      1  0  0
                   PB203     2.17E+00 1
PB204m     1  0  0
                   PB204m    4.67E-02 1
PB205      1  0  0
                   PB205     5.22E+09 1
PB209      1  0  0
                   PB209     1.36E-01 1
PB210      3  0  0
                   PB210     8.15E+03 1
                   BI210     5.01E+00 2 1 1.0000 0 0.0000
                   PO210     1.38E+02 3 2 1.0000 0 0.0000
PB211      1  0  0
                   PB211     2.51E-02 1
PB212      1  0  0
                   PB212     4.43E-01 1
PB214      4  0  0
                   PB214     1.86E-02 1
                   PB210     8.15E+03 2 1 1.0000 0 0.0000
                   BI210     5.01E+00 3 2 1.0000 0 0.0000
                   PO210     1.38E+02 4 3 1.0000 0 0.0000
PD100      2  0  0
                   PD100     3.63E+00 1
                   RH100     8.67E-01 2 1 1.0000 0 0.0000
PD101      3  0  0
                   PD101     3.45E-01 1
                   RH101m    4.34E+00 2 1 1.0000 0 0.0000
                   RH101     1.17E+03 3 2 0.0720 1 0.0030
PD103      1  0  0
                   PD103     1.70E+01 1
PD107      1  0  0
                   PD107     2.37E+09 1
PD109      1  0  0
                   PD109     5.59E-01 1
PM141      1  0  0
                   PM141     1.45E-02 1
PM142      1  0  0
                   PM142     4.69E-04 1
PM143      1  0  0
                   PM143     2.65E+02 1
PM144      1  0  0
                   PM144     3.63E+02 1
PM145      1  0  0
                   PM145     6.46E+03 1
PM146      1  0  0
                   PM146     2.02E+03 1
PM147      1  0  0
                   PM147     9.58E+02 1
PM148      1  0  0
                   PM148     5.37E+00 1
PM148m     2  0  0
                   PM148m    4.13E+01 1
                   PM148     5.37E+00 2 1 0.0460 0 0.0000
PM149      1  0  0
                   PM149     2.21E+00 1
PM150      1  0  0
                   PM150     1.12E-01 1
PM151      2  0  0
                   PM151     1.18E+00 1
                   SM151     3.29E+04 2 1 1.0000 0 0.0000
PO203      3  0  0
                   PO203     2.55E-02 1
                   BI203     4.90E-01 2 1 1.0000 0 0.0000
                   PB203     2.17E+00 3 2 1.0000 0 0.0000
PO205      2  0  0
                   PO205     7.50E-02 1
                   BI205     1.53E+01 2 1 1.0000 0 0.0000
PO207      2  0  0
                   PO207     2.43E-01 1
                   BI207     1.39E+04 2 1 1.0000 0 0.0000
PO209      1  0  0
                   PO209     3.73E+04 1
PO210      1  0  0
                   PO210     1.38E+02 1
PO211      1  0  0
                   PO211     5.97E-06 1
PO212      1  0  0
                   PO212     3.53E-06 1
PO213      1  0  0
                   PO213     4.86E-05 1
PO214      4  0  0
                   PO214     6.85E+00 1
                   PB210     8.15E+03 2 1 1.0000 0 0.0000
                   BI210     5.01E+00 3 2 1.0000 0 0.0000
                   PO210     1.38E+02 4 3 1.0000 0 0.0000
PO215      1  0  0
                   PO215     2.06E-08 1
PO216      2  0  0
                   PO216     1.74E-06 1
                   PB212     4.43E-01 2 1 1.0000 0 0.0000
PO218      4  0  0
                   PO218     2.12E-03 1
                   PB210     8.15E+03 2 1 1.0000 0 0.0000
                   BI210     5.01E+00 3 2 1.0000 0 0.0000
                   PO210     1.38E+02 4 3 1.0000 0 0.0000
PR136      1  0  0
                   PR136     9.10E-03 1
PR137      2  0  0
                   PR137     5.32E-02 1
                   CE137     3.75E-01 2 1 1.0000 0 0.0000
PR138      1  0  0
                   PR138     1.01E-03 1
PR138m     1  0  0
                   PR138m    8.75E-02 1
PR139      2  0  0
                   PR139     1.88E-01 1
                   CE139     1.38E+02 2 1 1.0000 0 0.0000
PR142      1  0  0
                   PR142     7.97E-01 1
PR142m     2  0  0
                   PR142m    1.01E-02 1
                   PR142     7.97E-01 2 1 1.0000 0 0.0000
PR143      1  0  0
                   PR143     1.36E+01 1
PR144      1  0  0
                   PR144     1.20E-02 1
PR144m     1  0  0
                   PR144m    5.00E-03 1
PR145      1  0  0
                   PR145     2.49E-01 1
PR147      3  0  0
                   PR147     9.44E-03 1
                   ND147     1.10E+01 2 1 1.0000 0 0.0000
                   PM147     9.58E+02 3 2 1.0000 0 0.0000
PT186      2  0  0
                   PT186     8.33E-02 1
                   RE182a    5.29E-01 2 1 1.0000 0 0.0000
PT188      2  0  0
                   PT188     1.02E+01 1
                   IR188     1.73E+00 2 1 1.0000 0 0.0000
PT189      2  0  0
                   PT189     4.53E-01 1
                   IR189     1.33E+01 2 1 1.0000 0 0.0000
PT191      1  0  0
                   PT191     2.80E+00 1
PT193      1  0  0
                   PT193     1.83E+04 1
PT193m     2  0  0
                   PT193m    4.33E+00 1
                   PT193     1.83E+04 2 1 1.0000 0 0.0000
PT195m     1  0  0
                   PT195m    4.02E+00 1
PT197      1  0  0
                   PT197     7.62E-01 1
PT197m     2  0  0
                   PT197m    6.56E-02 1
                   PT197     7.62E-01 2 1 0.9700 0 0.0000
PT199      2  0  0
                   PT199     2.14E-02 1
                   AU199     3.14E+00 2 1 1.0000 0 0.0000
PT200      1  0  0
                   PT200     5.21E-01 1
PU234      2  0  0
                   PU234     3.67E-01 1
                   NP234     4.40E+00 2 1 0.9400 0 0.0000
PU235      2  0  0
                   PU235     1.76E-02 1
                   NP235     3.96E+02 2 1 1.0000 0 0.0000
PU236      5  0  0
                   PU236     1.04E+03 1
                   U232      2.63E+04 2 1 1.0000 0 0.0000
                   TH228     6.99E+02 3 2 1.0000 0 0.0000
                   RA224     3.66E+00 4 3 1.0000 0 0.0000
                   PB212     4.43E-01 5 4 1.0000 0 0.0000
PU237      1  0  0
                   PU237     4.53E+01 1
PU238      1  0  0
                   PU238     3.20E+04 1
PU239      1  0  0
                   PU239     8.79E+06 1
PU240      1  0  0
                   PU240     2.39E+06 1
PU241      2  0  0
                   PU241     5.26E+03 1
                   AM241     1.58E+05 2 1 1.0000 0 0.0000
PU242      1  0  0
                   PU242     1.37E+08 1
PU243      3  0  0
                   PU243     2.06E-01 1
                   AM243     2.70E+06 2 1 1.0000 0 0.0000
                   NP239     2.36E+00 3 2 1.0000 0 0.0000
PU244      3  0  0
                   PU244     3.02E+10 1
                   U240      5.88E-01 2 1 1.0000 0 0.0000
                   PU240     2.39E+06 3 2 1.0000 0 0.0000
PU245      4  0  0
                   PU245     4.38E-01 1
                   CM245     3.10E+06 2 1 1.0000 0 0.0000
                   PU241     5.26E+03 3 2 1.0000 0 0.0000
                   AM241     1.58E+05 4 3 1.0000 0 0.0000
PU246      2  0  0
                   PU246     1.09E+01 1
                   CM246     1.73E+06 2 1 1.0000 0 0.0000
RA222      4  0  0
                   RA222     4.40E-04 1
                   PB210     8.15E+03 2 1 1.0000 0 0.0000
                   BI210     5.01E+00 3 2 1.0000 0 0.0000
                   PO210     1.38E+02 4 3 1.0000 0 0.0000
RA223      1  0  0
                   RA223     1.14E+01 1
RA224      2  0  0
                   RA224     3.66E+00 1
                   PB212     4.43E-01 2 1 1.0000 0 0.0000
RA225      2  0  0
                   RA225     1.48E+01 1
                   AC225     1.00E+01 2 1 1.0000 0 0.0000
RA226      5  0  0
                   RA226     5.84E+05 1
                   RN222     3.82E+00 2 1 1.0000 0 0.0000
                   PB210     8.15E+03 3 2 1.0000 0 0.0000
                   BI210     5.01E+00 4 3 1.0000 0 0.0000
                   PO210     1.38E+02 5 4 1.0000 0 0.0000
RA227      4  0  0
                   RA227     2.93E-02 1
                   AC227     7.95E+03 2 1 1.0000 0 0.0000
                   TH227     1.87E+01 3 2 0.9900 0 0.0000
                   RA223     1.14E+01 4 2 0.0140 3 1.0000
RA228      4  0  0
                   RA228     2.10E+03 1
                   TH228     6.99E+02 2 1 1.0000 0 0.0000
                   RA224     3.66E+00 3 2 1.0000 0 0.0000
                   PB212     4.43E-01 4 3 1.0000 0 0.0000
RB77       2  0  0
                   RB77      2.57E-03 1
                   BR77      2.33E+00 2 1 1.0000 0 0.0000
RB79       2  0  0
                   RB79      1.59E-02 1
                   KR79      1.46E+00 2 1 1.0000 0 0.0000
RB80       1  0  0
                   RB80      3.94E-04 1
RB81       1  0  0
                   RB81      1.91E-01 1
RB81m      1  0  0
                   RB81m     2.22E-02 1
RB82       1  0  0
                   RB82      9.03E-04 1
RB82m      1  0  0
                   RB82m     2.58E-01 1
RB83       1  0  0
                   RB83      8.62E+01 1
RB84       1  0  0
                   RB84      3.28E+01 1
RB86       1  0  0
                   RB86      1.87E+01 1
RB87       1  0  0
                   RB87      1.72E+13 1
RB88       1  0  0
                   RB88      1.24E-02 1
RB89       2  0  0
                   RB89      1.06E-02 1
                   SR89      5.05E+01 2 1 1.0000 0 0.0000
RE177      2  0  0
                   RE177     9.72E-03 1
                   TA177     2.36E+00 2 1 1.0000 0 0.0000
RE178      2  0  0
                   RE178     9.17E-03 1
                   W178      2.17E+01 2 1 1.0000 0 0.0000
RE180      1  0  0
                   RE180     1.69E-03 1
RE181      2  0  0
                   RE181     8.33E-01 1
                   W181      1.21E+02 2 1 1.0000 0 0.0000
RE182a     1  0  0
                   RE182a    5.29E-01 1
RE182b     1  0  0
                   RE182b    2.67E+00 1
RE184      1  0  0
                   RE184     3.80E+01 1
RE184m     2  0  0
                   RE184m    1.65E+02 1
                   RE184     3.80E+01 2 1 0.7500 0 0.0000
RE186      1  0  0
                   RE186     3.78E+00 1
RE186m     2  0  0
                   RE186m    7.31E+07 1
                   RE186     3.78E+00 2 1 1.0000 0 0.0000
RE187      1  0  0
                   RE187     1.83E+13 1
RE188      1  0  0
                   RE188     7.07E-01 1
RE188m     2  0  0
                   RE188m    1.29E-02 1
                   RE188     7.07E-01 2 1 1.0000 0 0.0000
RE189      1  0  0
                   RE189     1.01E+00 1
RH100      1  0  0
                   RH100     8.67E-01 1
RH101      1  0  0
                   RH101     1.17E+03 1
RH101m     2  0  0
                   RH101m    4.34E+00 1
                   RH101     1.17E+03 2 1 0.0720 0 0.0000
RH102      1  0  0
                   RH102     1.06E+03 1
RH102m     2  0  0
                   RH102m    2.07E+02 1
                   RH102     1.06E+03 2 1 0.0500 0 0.0000
RH103m     1  0  0
                   RH103m    3.90E-02 1
RH105      1  0  0
                   RH105     1.47E+00 1
RH106      1  0  0
                   RH106     3.46E-04 1
RH106m     1  0  0
                   RH106m    9.17E-02 1
RH107      1  0  0
                   RH107     1.51E-02 1
RH99       1  0  0
                   RH99      1.60E+01 1
RH99m      1  0  0
                   RH99m     1.96E-01 1
RN218      4  0  0
                   RN218     2.43E-02 1
                   PB210     8.15E+03 2 1 1.0000 0 0.0000
                   BI210     5.01E+00 3 2 1.0000 0 0.0000
                   PO210     1.38E+02 4 3 1.0000 0 0.0000
RN219      1  0  0
                   RN219     4.58E-05 1
RN220      2  0  0
                   RN220     6.44E-04 1
                   PB212     4.43E-01 2 1 1.0000 0 0.0000
RN222      4  0  0
                   RN222     3.82E+00 1  
                   PB210     8.15E+03 2 1 1.0000 0 0.0000
                   BI210     5.01E+00 3 2 1.0000 0 0.0000
                   PO210     1.38E+02 4 3 1.0000 0 0.0000
RU103      1  0  0
                   RU103     3.93E+01 1
RU105      2  0  0
                   RU105     1.85E-01 1
                   RH105     1.47E+00 2 1 1.0000 0 0.0000
RU106      1  0  0
                   RU106     3.68E+02 1
RU94       1  0  0
                   RU94      3.60E-02 1
RU97       2  0  0
                   RU97      2.90E+00 1
                   TC97m     8.70E+01 2 1 0.0008 0 0.0000
S35        1  0  0
                   S35       8.74E+01 1
SB115      1  0  0
                   SB115     2.21E-02 1
SB116      1  0  0
                   SB116     1.10E-02 1
SB116m     1  0  0
                   SB116m    4.19E-02 1
SB117      1  0  0
                   SB117     1.17E-01 1
SB118      1  0  0
                   SB118     2.50E-03 1
SB118m     1  0  0
                   SB118m    2.08E-01 1
SB119      1  0  0
                   SB119     1.59E+00 1
SB120a     1  0  0
                   SB120a    1.10E-02 1
SB120b     1  0  0
                   SB120b    5.76E+00 1
SB122      1  0  0
                   SB122     2.70E+00 1
SB124      1  0  0
                   SB124     6.02E+01 1
SB124m     2  0  0
                   SB124m    1.08E-03 1
                   SB124     6.02E+01 2 1 0.8000 0 0.0000
SB124n     2  0  0
                   SB124n    1.40E-02 1
                   SB124     6.02E+01 2 1 0.8000 0 0.0000
SB125      2  0  0
                   SB125     1.01E+03 1
                   TE125m    5.80E+01 2 1 0.2300 0 0.0000
SB126      1  0  0
                   SB126     1.24E+01 1
SB126m     2  0  0
                   SB126m    1.32E-02 1
                   SB126     1.24E+01 2 1 0.1400 0 0.0000
SB127      3  0  0
                   SB127     3.85E+00 1
                   TE127m    1.09E+02 2 1 0.1800 0 0.0000
                   TE127     3.90E-01 3 2 0.9800 1 0.8200
SB128a     1  0  0
                   SB128a    7.22E-03 1
SB128b     1  0  0
                   SB128b    3.75E-01 1
SB129      2  0  0
                   SB129     1.80E-01 1
                   TE129m    3.36E+01 2 1 0.2200 0 0.0000
SB130      1  0  0
                   SB130     2.78E-02 1
SB131      4  0  0
                   SB131     1.60E-02 1
                   TE131m    1.25E+00 2 1 0.0990 0 0.0000
                   I131      8.04E+00 3 2 0.7800 1 0.9000
                   XE131m    1.19E+01 4 3 0.0110 0 0.0000
SC43       1  0  0
                   SC43      1.62E-01 1
SC44       1  0  0
                   SC44      1.64E-01 1
SC44m      1  0  0
                   SC44m     2.44E+00 1
SC46       1  0  0
                   SC46      8.38E+01 1
SC47       1  0  0
                   SC47      3.35E+00 1
SC48       1  0  0
                   SC48      1.82E+00 1
SC49       1  0  0
                   SC49      3.99E-02 1
SE70       1  0  0
                   SE70      2.85E-02 1
SE72       2  0  0
                   SE72      8.40E+00 1
                   AS72      1.08E+00 2 1 1.0000 0 0.0000
SE73       2  0  0
                   SE73      2.98E-01 1
                   AS73      8.03E+01 2 1 1.0000 0 0.0000
SE73m      2  0  0
                   SE73m     2.71E-02 1
                   AS73      8.03E+01 2 1 0.7300 1 0.2700
SE75       1  0  0
                   SE75      1.20E+02 1
SE77m      1  0  0
                   SE77m     2.02E-04 1
SE79       1  0  0
                   SE79      2.37E+07 1
SE81       1  0  0
                   SE81      1.28E-02 1
SE81m      1  0  0
                   SE81m     3.98E-02 1
SE83       1  0  0
                   SE83      1.56E-02 1
SI31       1  0  0
                   SI31      1.09E-01 1
SI32       2  0  0
                   SI32      1.64E+05 1
                   P32       1.43E+01 2 1 1.0000 0 0.0000
SM141      1  0  0
                   SM141     7.08E-03 1
SM141m     1  0  0
                   SM141m    1.57E-02 1
SM142      1  0  0
                   SM142     5.03E-02 1
SM145      2  0  0
                   SM145     3.40E+02 1
                   PM145     6.46E+03 2 1 1.0000 0 0.0000
SM146      1  0  0
                   SM146     3.76E+10 1
SM147      1  0  0
                   SM147     3.87E+13 1
SM151      1  0  0
                   SM151     3.29E+04 1
SM153      1  0  0
                   SM153     1.95E+00 1
SM155      2  0  0
                   SM155     1.53E-02 1
                   EU155     1.81E+03 2 1 1.0000 0 0.0000
SM156      2  0  0
                   SM156     3.92E-01 1
                   EU156     1.52E+01 2 1 1.0000 0 0.0000
SN110      1  0  0
                   SN110     1.67E-01 1
SN111      2  0  0
                   SN111     2.45E-02 1
                   IN111     2.83E+00 2 1 1.0000 0 0.0000
SN113      1  0  0
                   SN113     1.15E+02 1
SN117m     1  0  0
                   SN117m    1.36E+01 1
SN119m     1  0  0
                   SN119m    2.93E+02 1
SN121      1  0  0
                   SN121     1.13E+00 1
SN121m     2  0  0
                   SN121m    2.01E+04 1
                   SN121     1.13E+00 2 1 0.7800 0 0.0000
SN123      1  0  0
                   SN123     1.29E+02 1
SN123m     1  0  0
                   SN123m    2.78E-02 1
SN125      3  0  0
                   SN125     9.64E+00 1
                   SB125     1.01E+03 2 1 1.0000 0 0.0000
                   TE125m    5.80E+01 3 2 0.2300 0 0.0000
SN126      2  0  0
                   SN126     3.65E+07 1
                   SB126     1.24E+01 2 1 0.1400 0 0.0000
SN127      4  0  0
                   SN127     8.75E-02 1
                   SB127     3.85E+00 2 1 1.0000 0 0.0000
                   TE127m    1.09E+02 3 2 0.1800 0 0.0000
                   TE127     3.90E-01 4 3 0.9800 2 0.8200
SN128      1  0  0
                   SN128     4.10E-02 1
SR80       1  0  0
                   SR80      6.94E-02 1
SR81       1  0  0
                   SR81      1.77E-02 1
SR82       1  0  0
                   SR82      2.50E+01 1
SR83       2  0  0
                   SR83      1.35E+00 1
                   RB83      8.62E+01 2 1 1.0000 0 0.0000
SR85       1  0  0
                   SR85      6.48E+01 1
SR85m      2  0  0
                   SR85m     4.83E-02 1
                   SR85      6.48E+01 2 1 0.8800 0 0.0000
SR87m      1  0  0
                   SR87m     1.17E-01 1
SR89       1  0  0
                   SR89      5.05E+01 1
SR90       2  0  0
                   SR90      1.06E+04 1
                   Y90       2.67E+00 2 1 1.0000 0 0.0000
SR91       2  0  0
                   SR91      3.96E-01 1
                   Y91       5.85E+01 2 1 0.5800 1 0.4200
SR92       1  0  0
                   SR92      1.13E-01 1
TA172      3  0  0
                   TA172     2.56E-02 1
                   HF172     6.83E+02 2 1 1.0000 0 0.0000
                   LU172     6.70E+00 3 2 1.0000 0 0.0000
TA173      3  0  0
                   TA173     1.52E-01 1
                   HF173     1.00E+00 2 1 1.0000 0 0.0000
                   LU173     5.00E+02 3 2 1.0000 0 0.0000
TA174      1  0  0
                   TA174     5.00E-02 1
TA175      2  0  0
                   TA175     4.38E-01 1
                   HF175     7.00E+01 2 1 1.0000 0 0.0000
TA176      1  0  0
                   TA176     3.37E-01 1
TA177      1  0  0
                   TA177     2.36E+00 1
TA178a     1  0  0
                   TA178a    6.47E-03 1
TA178b     1  0  0
                   TA178b    9.17E-02 1
TA179      1  0  0
                   TA179     6.65E+02 1
TA180      1  0  0
                   TA180     3.65E+15 1
TA180m     1  0  0
                   TA180m    3.38E-01 1
TA182      1  0  0
                   TA182     1.15E+02 1
TA182m     2  0  0
                   TA182m    1.10E-02 1
                   TA182     1.15E+02 2 1 1.0000 0 0.0000
TA183      1  0  0
                   TA183     5.10E+00 1
TA184      1  0  0
                   TA184     3.63E-01 1
TA185      2  0  0
                   TA185     3.40E-02 1
                   W185      7.51E+01 2 1 1.0000 0 0.0000
TA186      1  0  0
                   TA186     7.29E-03 1
TB147      3  0  0
                   TB147     6.88E-02 1
                   GD147     1.59E+00 2 1 1.0000 0 0.0000
                   EU147     2.40E+01 3 2 1.0000 0 0.0000
TB149      6  0  0
                   TB149     1.73E-01 1
                   GD149     9.40E+00 2 1 0.8000 0 0.0000
                   EU149     9.31E+01 3 2 1.0000 0 0.0000
                   EU145     5.94E+00 4 1 0.2000 0 0.0000
                   SM145     3.40E+02 5 4 1.0000 0 0.0000
                   PM145     6.46E+03 6 5 1.0000 0 0.0000
TB150      1  0  0
                   TB150     1.36E-01 1
TB151      2  0  0
                   TB151     7.33E-01 1
                   GD151     1.20E+02 2 1 1.0000 0 0.0000
TB153      2  0  0
                   TB153     2.34E+00 1
                   GD153     2.42E+02 2 1 1.0000 0 0.0000
TB154      1  0  0
                   TB154     8.92E-01 1
TB155      1  0  0
                   TB155     5.32E+00 1
TB156      1  0  0
                   TB156     5.34E+00 1
TB156m     2  0  0
                   TB156m    1.02E+00 1
                   TB156     5.34E+00 2 1 1.0000 0 0.0000
TB156n     2  0  0
                   TB156n    2.08E-01 1
                   TB156     5.34E+00 2 1 1.0000 0 0.0000
TB157      1  0  0
                   TB157     5.48E+04 1
TB158      1  0  0
                   TB158     5.48E+04 1
TB160      1  0  0
                   TB160     7.23E+01 1
TB161      1  0  0
                   TB161     6.91E+00 1
TC101      1  0  0
                   TC101     9.86E-03 1
TC104      1  0  0
                   TC104     1.26E-02 1
TC93       3  0  0
                   TC93      1.15E-01 1
                   MO93      1.28E+06 2 1 1.0000 0 0.0000
                   NB93m     4.97E+03 3 2 1.0000 0 0.0000
TC93m      3  0  0
                   TC93m     3.02E-02 1
                   MO93      1.28E+06 2 1 0.8200 1 0.1800
                   NB93m     4.97E+03 3 2 1.0000 0 0.0000
TC94       1  0  0
                   TC94      2.03E-01 1
TC94m      1  0  0
                   TC94m     3.61E-02 1
TC95       1  0  0
                   TC95      8.33E-01 1
TC95m      2  0  0
                   TC95m     6.10E+01 1
                   TC95      8.33E-01 2 1 0.0400 0 0.0000
TC96       1  0  0
                   TC96      4.28E+00 1
TC96m      2  0  0
                   TC96m     3.58E-02 1
                   TC96      4.28E+00 2 1 0.9800 0 0.0000
TC97       1  0  0
                   TC97      9.50E+08 1
TC97m      1  0  0
                   TC97m     8.70E+01 1
TC98       1  0  0
                   TC98      1.53E+09 1
TC99       1  0  0
                   TC99      7.78E+07 1
TC99m      1  0  0
                   TC99m     2.51E-01 1
TE116      1  0  0
                   TE116     1.04E-01 1
TE121      1  0  0
                   TE121     1.70E+01 1
TE121m     2  0  0
                   TE121m    1.54E+02 1
                   TE121     1.70E+01 2 1 0.8900 0 0.0000
TE123      1  0  0
                   TE123     3.65E+15 1
TE123m     1  0  0
                   TE123m    1.20E+02 1
TE125m     1  0  0
                   TE125m    5.80E+01 1
TE127      1  0  0
                   TE127     3.90E-01 1
TE127m     2  0  0
                   TE127m    1.09E+02 1
                   TE127     3.90E-01 2 1 0.9800 0 0.0000
TE129      1  0  0
                   TE129     4.83E-02 1
TE129m     1  0  0
                   TE129m    3.36E+01 1
TE131      3  0  0
                   TE131     1.74E-02 1
                   I131      8.04E+00 2 1 1.0000 0 0.0000
                   XE131m    1.19E+01 3 2 0.0110 0 0.0000
TE131m     3  0  0
                   TE131m    1.25E+00 1
                   I131      8.04E+00 2 1 0.2200 1 0.7800
                   XE131m    1.19E+01 3 2 0.0110 0 0.0000
TE132      1  0  0
                   TE132     3.26E+00 1
TE133      4  0  0
                   TE133     8.65E-03 1
                   I133      8.67E-01 2 1 1.0000 0 0.0000
                   XE133m    2.19E+00 3 2 0.0290 0 0.0000
                   XE133     5.24E+00 4 3 1.0000 2 0.9700
TE133m     4  0  0
                   TE133m    3.85E-02 1
                   I133      8.67E-01 2 1 0.1300 1 0.8700
                   XE133m    2.19E+00 3 2 0.0290 0 0.0000
                   XE133     5.24E+00 4 3 1.0000 2 0.9700
TE134      1  0  0
                   TE134     2.90E-02 1
TH226      4  0  0
                   TH226     2.15E-02 1
                   PB210     8.15E+03 2 1 1.0000 0 0.0000
                   BI210     5.01E+00 3 2 1.0000 0 0.0000
                   PO210     1.38E+02 4 3 1.0000 0 0.0000
TH227      2  0  0
                   TH227     1.87E+01 1
                   RA223     1.14E+01 2 1 1.0000 0 0.0000
TH228      3  0  0
                   TH228     6.99E+02 1
                   RA224     3.66E+00 2 1 1.0000 0 0.0000
                   PB212     4.43E-01 3 2 1.0000 0 0.0000
TH229      3  0  0
                   TH229     2.68E+06 1
                   RA225     1.48E+01 2 1 1.0000 0 0.0000
                   AC225     1.00E+01 3 2 1.0000 0 0.0000
TH230      6  0  0
                   TH230     2.81E+07 1
                   RA226     5.84E+05 2 1 1.0000 0 0.0000
                   RN222     3.82E+00 3 2 1.0000 0 0.0000
                   PB210     8.15E+03 4 3 1.0000 0 0.0000
                   BI210     5.01E+00 5 4 1.0000 0 0.0000
                   PO210     1.38E+02 6 5 1.0000 0 0.0000
TH231      1  0  0
                   TH231     1.06E+00 1
TH232      5  0  0
                   TH232     5.15E+12 1
                   RA228     2.10E+03 2 1 1.0000 0 0.0000
                   TH228     6.99E+02 3 2 1.0000 0 0.0000
                   RA224     3.66E+00 4 3 1.0000 0 0.0000
                   PB212     4.43E-01 5 4 1.0000 0 0.0000
TH234      1  0  0
                   TH234     2.41E+01 1
TI44       1  0  0
                   TI44      1.73E+04 1
TI45       1  0  0
                   TI45      1.28E-01 1
TL194      3  0  0
                   TL194     2.29E-02 1
                   HG194     9.50E+04 2 1 1.0000 0 0.0000
                   AU194     1.65E+00 3 2 1.0000 0 0.0000
TL194m     3  0  0
                   TL194m    2.28E-02 1
                   HG194     9.50E+04 2 1 1.0000 0 0.0000
                   AU194     1.65E+00 3 2 1.0000 0 0.0000
TL195      3  0  0
                   TL195     4.83E-02 1
                   HG195     4.12E-01 2 1 1.0000 0 0.0000
                   AU195     1.83E+02 3 2 1.0000 0 0.0000
TL197      2  0  0
                   TL197     1.18E-01 1
                   HG197     2.67E+00 2 1 1.0000 0 0.0000
TL198      1  0  0
                   TL198     2.21E-01 1
TL198m     1  0  0
                   TL198m    7.79E-02 1
TL199      1  0  0
                   TL199     3.09E-01 1
TL200      1  0  0
                   TL200     1.09E+00 1
TL201      1  0  0
                   TL201     3.04E+00 1
TL202      1  0  0
                   TL202     1.22E+01 1
TL204      1  0  0
                   TL204     1.38E+03 1
TL206      1  0  0
                   TL206     2.92E-03 1
TL207      1  0  0
                   TL207     3.31E-03 1
TL208      1  0  0
                   TL208     2.13E-03 1
TL209      1  0  0
                   TL209     1.53E-03 1
TL210      4  0  0
                   TL210     9.03E-04 1
                   PB210     8.15E+03 2 1 1.0000 0 0.0000
                   BI210     5.01E+00 3 2 1.0000 0 0.0000
                   PO210     1.38E+02 4 3 1.0000 0 0.0000
TM162      1  0  0
                   TM162     1.51E-02 1
TM166      1  0  0
                   TM166     3.21E-01 1
TM167      1  0  0
                   TM167     9.24E+00 1
TM170      1  0  0
                   TM170     1.29E+02 1
TM171      1  0  0
                   TM171     7.01E+02 1
TM172      1  0  0
                   TM172     2.65E+00 1
TM173      1  0  0
                   TM173     3.43E-01 1
TM175      2  0  0
                   TM175     1.06E-02 1
                   YB175     4.19E+00 2 1 1.0000 0 0.0000
U230       4  0  0
                   U230      2.08E+01 1
                   PB210     8.15E+03 2 1 1.0000 0 0.0000
                   BI210     5.01E+00 3 2 1.0000 0 0.0000
                   PO210     1.38E+02 4 3 1.0000 0 0.0000
U231       1  0  0
                   U231      4.20E+00 1
U232       4  0  0
                   U232      2.63E+04 1
                   TH228     6.99E+02 2 1 1.0000 0 0.0000
                   RA224     3.66E+00 3 2 1.0000 0 0.0000
                   PB212     4.43E-01 4 3 1.0000 0 0.0000
U233       4  0  0
                   U233      5.81E+07 1
                   TH229     2.68E+06 2 1 1.0000 0 0.0000
                   RA225     1.48E+01 3 2 1.0000 0 0.0000
                   AC225     1.00E+01 4 3 1.0000 0 0.0000
U234       1  0  0
                   U234      8.95E+07 1
U235       2  0  0
                   U235      2.57E+11 1
                   TH231     1.06E+00 2 1 1.0000 0 0.0000
U236       1  0  0
                   U236      8.55E+09 1
U237       1  0  0
                   U237      6.75E+00 1
U238       2  0  0
                   U238      1.63E+12 1
                   TH234     2.41E+01 2 1 1.0000 0 0.0000
U239       2  0  0
                   U239      1.63E-02 1
                   NP239     2.36E+00 2 1 1.0000 0 0.0000
U240       2  0  0
                   U240      5.88E-01 1
                   PU240     2.39E+06 2 1 1.0000 0 0.0000
V47        1  0  0
                   V47       2.26E-02 1
V48        1  0  0
                   V48       1.62E+01 1
V49        1  0  0
                   V49       3.30E+02 1
W176       1  0  0
                   W176      9.58E-02 1
W177       2  0  0
                   W177      9.38E-02 1
                   TA177     2.36E+00 2 1 1.0000 0 0.0000
W178       1  0  0
                   W178      2.17E+01 1
W179       2  0  0
                   W179      2.60E-02 1
                   TA179     6.65E+02 2 1 1.0000 0 0.0000
W181       1  0  0
                   W181      1.21E+02 1
W185       1  0  0
                   W185      7.51E+01 1
W187       1  0  0
                   W187      9.96E-01 1
W188       2  0  0
                   W188      6.94E+01 1
                   RE188     7.07E-01 2 1 1.0000 0 0.0000
XE120      1  0  0
                   XE120     2.78E-02 1
XE121      2  0  0
                   XE121     2.78E-02 1
                   TE121     1.70E+01 2 1 1.0000 0 0.0000
XE122      1  0  0
                   XE122     8.38E-01 1
XE123      2  0  0
                   XE123     8.67E-02 1
                   I123      5.50E-01 2 1 1.0000 0 0.0000
XE125      2  0  0
                   XE125     7.08E-01 1
                   I125      6.01E+01 2 1 1.0000 0 0.0000
XE127      1  0  0
                   XE127     3.64E+01 1
XE129m     1  0  0
                   XE129m    8.00E+00 1
XE131m     1  0  0
                   XE131m    1.19E+01 1
XE133      1  0  0
                   XE133     5.24E+00 1
XE133m     2  0  0
                   XE133m    2.19E+00 1
                   XE133     5.24E+00 2 1 1.0000 0 0.0000
XE135      1  0  0
                   XE135     3.79E-01 1
XE135m     2  0  0
                   XE135m    1.06E-02 1
                   XE135     3.79E-01 2 1 1.0000 0 0.0000
XE138      1  0  0
                   XE138     9.84E-03 1
Y86        1  0  0
                   Y86       6.14E-01 1
Y86m       2  0  0
                   Y86m      3.33E-02 1
                   Y86       6.14E-01 2 1 0.9900 0 0.0000
Y87        1  0  0
                   Y87       3.35E+00 1
Y88        1  0  0
                   Y88       1.07E+02 1
Y90        1  0  0
                   Y90       2.67E+00 1
Y90m       2  0  0
                   Y90m      1.33E-01 1
                   Y90       2.67E+00 2 1 0.9900 0 0.0000
Y91        1  0  0
                   Y91       5.85E+01 1
Y91m       2  0  0
                   Y91m      3.45E-02 1
                   Y91       5.85E+01 2 1 1.0000 0 0.0000
Y92        1  0  0
                   Y92       1.48E-01 1
Y93        1  0  0
                   Y93       4.21E-01 1
Y94        1  0  0
                   Y94       1.33E-02 1
Y95        4  0  0
                   Y95       7.43E-03 1
                   ZR95      6.40E+01 2 1 1.0000 0 0.0000
                   NB95m     3.61E+00 3 2 0.0070 0 0.0000
                   NB95      3.52E+01 4 3 1.0000 2 0.9900
YB162      1  0  0
                   YB162     1.31E-02 1
YB166      1  0  0
                   YB166     2.36E+00 1
YB167      2  0  0
                   YB167     1.22E-02 1
                   TM167     9.24E+00 2 1 1.0000 0 0.0000
YB169      1  0  0
                   YB169     3.20E+01 1
YB175      1  0  0
                   YB175     4.19E+00 1
YB177      2  0  0
                   YB177     7.92E-02 1
                   LU177     6.71E+00 2 1 1.0000 0 0.0000
YB178      1  0  0
                   YB178     5.14E-02 1
ZN62       1  0  0
                   ZN62      3.86E-01 1
ZN63       1  0  0
                   ZN63      2.65E-02 1
ZN65       1  0  0
                   ZN65      2.44E+02 1
ZN69       1  0  0
                   ZN69      3.96E-02 1
ZN69m      1  0  0
                   ZN69m     5.73E-01 1
ZN71m      1  0  0
                   ZN71m     1.63E-01 1
ZN72       2  0  0
                   ZN72      1.94E+00 1
                   GA72      5.88E-01 2 1 1.0000 0 0.0000
ZR86       2  0  0
                   ZR86      6.88E-01 1
                   Y86       6.14E-01 2 1 1.0000 0 0.0000
ZR88       2  0  0
                   ZR88      8.34E+01 1
                   Y88       1.07E+02 2 1 1.0000 0 0.0000
ZR89       1  0  0
                   ZR89      3.27E+00 1
ZR93       2  0  0
                   ZR93      5.59E+08 1
                   NB93m     4.97E+03 2 1 1.0000 0 0.0000
ZR95       3  0  0
                   ZR95      6.40E+01 1
                   NB95m     3.61E+00 2 1 0.0070 0 0.0000
                   NB95      3.52E+01 3 2 1.0000 1 0.9900
ZR97       1  0  0
                   ZR97       7.04E-1 1

